6985 2652 9382 6743 5249 7911 9335 3117 4255 4316 3295 7458 4278 3219 9993 4295 7600 8198 4463 9632 2171 5472 8445 3583 9613 5647 9731 6561 1017 2153 
1762 1295 4376 891 1511 9058 7266 3918 795 3305 191 9644 1292 1615 1301 5507 2657 2701 3808 5712 3490 244 427 2376 7195 668 2779 1957 4638 4194 
4951 8120 9029 5398 5962 3739 9818 7687 4977 8918 1573 9338 3859 937 411 9901 1476 1850 1197 5064 6647 9598 1222 9113 9350 7853 7096 8364 4966 3913 
643 8391 5124 4887 3579 9465 6077 1721 3695 8908 4101 4167 3905 6199 4836 4016 4167 1753 1757 8619 3063 5626 3442 4786 5363 8455 9782 8701 1162 2942 
1688 9634 4687 7817 3933 3611 1916 8966 3218 6967 9328 3272 5586 3660 9758 664 7494 6708 6676 2915 3989 7645 1452 4580 2316 3187 4363 5915 5375 1652 
5345 5262 8416 4716 9420 2335 6676 1203 7060 2538 7108 9013 9822 4176 5135 5282 1066 2542 1794 268 1202 6389 8728 7669 7824 6762 3066 4075 6940 4729 
8056 6512 3758 4043 5144 8759 1220 1135 9119 3776 5700 8646 5832 3226 7567 3085 4495 2571 5140 2626 117 5280 9139 7950 9273 433 5660 5263 7996 9043 
1734 1235 156 6676 7057 9828 2828 2327 8944 3218 3581 7883 6094 782 3843 6676 9130 6551 5014 1784 5340 4519 6513 1276 5429 9511 2422 1334 8114 1065 
8846 7617 3497 4235 170 3941 3648 6346 7092 9083 9094 8065 5079 9655 4087 5159 2031 5289 6565 7612 1840 3987 9287 831 2838 1224 9451 9999 5613 1806 
9358 7060 5880 6711 9236 5736 7344 2749 3386 5166 5422 3098 9594 8226 5392 5491 7755 4673 2397 5595 1395 8497 3969 7250 6361 900 4991 4157 795 4452 
3180 1157 7284 8048 1577 4587 5307 9303 6755 3060 3526 3679 3425 9059 3895 7532 9492 6647 5214 7831 8816 519 6188 6008 6587 7069 438 3537 5052 1782 
8861 8611 1564 2452 9520 2103 4200 8488 1135 4698 4252 6397 3030 795 6591 5019 8651 1393 3041 5836 3898 2515 5157 5139 2116 1857 20 5569 7153 6358 
3792 265 6517 5039 9891 6655 2572 1024 5726 3097 6471 4548 7606 6542 684 7966 2439 4942 8541 5949 9735 6570 8629 9689 6034 4202 4380 2063 7358 3232 
5285 5717 9569 973 858 6705 9372 2728 6601 7065 3336 2004 8539 5498 9946 5718 2157 9920 5645 4899 4636 9974 9463 3747 4055 9056 661 6648 9956 1849 
8310 3163 9572 1863 7137 7017 9173 7783 6528 1829 2977 222 2787 8578 8885 8930 5293 3177 1891 2003 5586 2752 6831 6538 1144 8650 2742 618 4186 4978 
2893 970 8583 9996 2698 2693 3607 9388 1817 3500 1433 9709 4466 7102 1682 5250 144 3264 5318 1041 9596 6878 2684 9420 9099 1820 5081 7048 6455 5113 
3733 4616 7829 5960 3415 5153 4446 2966 5460 2037 9031 4891 6322 5693 3711 467 2668 9561 4794 4808 2288 9326 4536 313 2106 9178 1060 9006 2347 5797 
4849 1052 8452 4607 1634 3648 2316 8319 7657 4935 1029 9457 8381 7796 3161 8700 129 6090 3960 1337 932 9808 8885 7302 4997 2346 2897 3836 2253 4781 
5604 1105 7261 1684 7805 6556 6850 9280 1256 9576 4209 8583 6914 3070 711 5811 2187 7880 1326 3713 6550 7678 362 7378 6358 2118 2151 7651 815 6979 
3357 3601 805 258 4439 8130 7466 385 5703 8529 2603 1525 8853 9352 4185 5539 9217 5679 2826 9635 1837 1886 2445 7822 1696 4249 8081 8289 5323 9583 
7277 7126 5610 5632 5619 4868 9332 1160 9946 7664 5865 8952 7833 4382 877 5865 5560 3342 4312 157 6886 6535 2780 8637 7834 2572 8152 9544 3045 299 
1820 4176 2375 8029 7747 3380 6242 5779 5116 9193 3474 2667 6875 456 1888 2488 2560 4111 6427 4701 7398 7847 8039 2290 995 4645 567 3848 6540 7193 
7013 5398 1559 6437 2338 7549 2106 6378 9664 7120 4049 9662 8322 7592 998 1153 9592 3744 1479 3304 3803 6866 1886 3108 2611 8546 8208 8274 858 6976 
6888 3122 9280 7097 6254 7909 3749 7026 6656 5293 3944 4922 4957 1146 5355 52 2517 9304 4859 2003 4496 6511 1750 2843 918 6525 6163 7792 9582 9704 
6326 2418 5606 9639 704 4439 624 2520 9408 916 6213 7144 8748 1382 5638 2174 3631 6550 7484 4179 5874 1076 2052 7909 4598 3462 3252 4071 6458 8475 
4129 3250 3338 3699 4572 5151 265 7672 7265 6127 8503 8996 7008 3497 6043 4116 4375 420 1552 9727 1298 1971 668 268 3435 3631 5743 6681 8477 584 
9947 5710 1683 4901 2035 2555 4303 9867 8404 3587 6070 2307 4871 9615 138 6281 1111 9450 5667 7199 8425 1164 1601 7353 396 5840 6581 5090 5594 232 
4447 8310 662 2147 2663 8667 5238 9533 3473 1613 7353 1412 7689 8576 7847 9351 5949 8551 4893 3258 128 3512 7244 8516 5170 3794 9340 8021 587 994 
6380 7242 4141 3350 5087 6345 5385 4430 1919 9601 1610 8210 3983 7486 4014 6372 2648 3984 8657 5332 5880 8543 1166 1986 1960 6131 5414 6229 1542 2033 
8955 4449 8786 7434 3476 5733 1633 6958 8576 9537 4544 1703 8372 6951 1014 4363 4082 1251 6122 6909 9875 9382 2571 7595 9250 8347 2273 7100 5104 419 
1337 8514 6127 7134 6170 468 3223 9546 2944 6895 1960 3907 6727 1788 9205 6554 1960 4238 782 8715 8253 3542 9283 2508 1894 4422 6942 8541 5909 8912 
4895 5614 361 6772 4236 4647 8498 1848 2379 195 9737 4238 7811 2815 645 7678 3337 122 3360 6789 1630 6045 652 6103 1651 8695 5472 9171 3000 925 
7601 8715 1918 6126 6232 7344 3759 7004 2667 904 7164 6346 8911 5506 2024 1979 4583 9051 8002 6444 8427 2017 9668 6375 9288 4832 1659 9716 3542 346 
7161 6009 3346 8972 1472 7669 7716 8090 2491 7600 