35227 31042 26503 41155 18504 16079 20611 6399 45906 22392 32396 40926 28622 11108 14844 47300 34428 14947 44883 25172 31566 40397 7824 2600 21902 4946 27490 41526 28915 2721 
46594 11095 23249 30697 16656 8277 1195 33287 19807 28725 28334 27728 34742 16423 35456 1265 32639 20015 18361 31372 3134 33394 48191 5029 42551 7259 29927 38331 16127 15207 
9710 27022 44515 45027 29696 27536 24100 17990 7545 46259 24108 13187 37636 11156 14676 18971 17615 12045 13014 44468 9601 4861 20771 49284 40990 18543 47996 11311 41596 13045 
46387 39868 15140 20114 9433 36976 43110 16484 4100 9071 19459 20748 38644 15488 32897 3184 44820 40854 20335 1195 35662 12040 44347 6167 22811 31363 26761 10936 43518 11312 
36241 33703 12782 32810 24552 18721 37970 36816 36220 31524 46796 7436 10225 39579 32719 25130 948 39478 27049 39162 5629 31241 46038 42955 15430 39439 43309 41400 18944 26361 
12387 14670 44536 15710 49290 1519 26750 32409 37496 21348 31075 15120 19636 40091 45074 38299 6967 43200 5476 49320 13867 9309 31955 22994 36505 37869 9088 49003 33732 21039 
16370 48526 48226 7060 46415 26327 3628 46667 40910 40503 11133 31594 7224 31397 30440 12623 27424 7799 21024 8624 36531 48949 8206 48293 34396 15039 36895 9114 21443 7126 
33344 26193 46654 6593 10678 9391 26202 5908 47057 45833 31886 32220 22400 31758 23682 25218 26949 11055 2102 32650 36956 33043 32436 17308 1603 17048 34863 30304 39180 23192 
5347 19340 44529 10058 36069 17259 38537 47102 36064 14914 28014 27467 16934 13047 7302 25779 19102 8986 6456 14465 39762 45905 45178 27324 34199 14193 33803 18335 38236 8538 
22946 34677 30303 44169 42941 39909 16773 44962 44960 38071 10307 48021 10259 38207 28949 43110 33813 2163 47047 10060 22724 2133 6014 4068 14895 38085 27146 47111 30888 985 
45744 4694 35961 29151 15699 43413 13040 47939 15172 2847 48160 11900 44778 8161 36871 11494 2837 22408 22721 34518 16185 36847 44200 39050 34508 43682 12949 49279 10004 32175 
34218 21832 40395 37380 5756 44472 521 32432 47565 44453 35411 42470 27946 11398 47406 19588 49301 13290 23860 37990 42403 46215 48550 14474 18944 12241 18522 29820 48380 45815 
31056 39343 45318 42490 2948 686 18909 14539 20983 35638 37909 37604 13989 31748 10546 14340 49039 8531 45520 13434 33892 23206 29530 14987 36710 49098 11657 43653 28497 1745 
43954 9990 37291 36789 6814 26810 38315 47941 34824 47913 3559 9554 29176 12420 9085 35943 31329 16779 5398 49096 41518 21812 46319 15157 2395 17526 26381 44837 12760 12886 
40343 18966 15981 38518 23775 24010 48516 5330 13009 37689 45144 15349 19184 2718 18200 24775 22480 4971 1205 34150 28270 43529 48157 20105 38838 47330 16994 8753 5588 31456 
44800 36687 39484 6534 48304 6736 31749 31682 49254 43854 36363 27440 43801 15674 36939 46779 26839 39644 12560 49610 6801 20297 37921 48969 47010 31143 1210 38303 41427 36252 
10416 17593 40468 42531 37763 34530 33578 12928 31071 8361 34155 41722 43394 27660 19821 33668 24213 34408 27241 42617 39497 28482 37957 31711 45067 31147 10538 22578 35812 22076 
42608 11 11099 5060 10573 9032 21805 41161 11788 11744 9169 38810 3884 36744 32334 29465 12622 27198 46491 29888 47621 48016 44879 19964 14061 24944 39382 8392 21027 26499 
1597 5902 16861 40459 18408 34526 17403 3560 24025 37500 24516 29076 13829 20734 13897 45057 34170 13505 32701 22926 49272 21820 32526 780 24027 3637 36556 49384 30474 5248 
18132 10852 24717 10339 8778 8248 36879 22490 21825 7762 31590 6604 24937 9490 3397 9620 19566 12994 32446 36512 2046 9607 9863 5462 9457 10140 31272 11530 5506 41705 
47913 43845 2568 13591 26808 32661 26298 26878 36418 26558 48514 28305 21651 10747 33911 44007 15178 43393 1764 31211 10875 17722 29376 30342 45526 38884 19963 39611 32831 46128 
2322 16747 27842 13948 38692 37266 15038 19807 43461 24714 4330 9629 3487 29806 18835 48803 28887 40403 19173 26938 48171 33563 11323 9767 10602 35712 42645 48987 33130 37427 
11455 2658 48024 9318 13132 38815 19071 45177 1028 48177 7238 42362 9686 16699 7730 25310 21164 9197 25433 44217 9234 46496 32587 3952 42242 23864 22749 22336 26803 36468 
36194 36317 37254 39773 36553 44575 22588 42582 23008 24812 6480 33086 7062 14722 49155 39841 3458 43426 23382 18127 23179 37472 46738 23351 3619 40124 3898 26324 41089 3912 
40781 21838 20099 23186 38423 38408 10577 18806 16212 24472 47653 1118 41884 17437 28389 18662 38728 49500 26401 2520 534 42882 2239 48978 3539 33842 24649 1176 29864 22870 
46418 47204 42578 45340 34204 3401 4314 7999 40762 38352 30617 43113 32529 41765 32489 22810 36308 36407 26300 5711 45580 26038 32857 44423 44692 23619 28297 1276 40464 40603 
13383 49646 38959 22192 13940 22317 1063 22470 25056 11646 28389 22599 18736 26851 15965 17981 14468 13095 35559 47586 32006 21944 6686 45503 41741 3053 49821 15756 487 17387 
10841 26521 42543 38768 22581 841 44013 6024 38157 6791 25305 31226 35994 2229 38387 22933 10650 14657 48126 5438 7509 29244 35374 47576 18675 26170 25733 33514 44844 19619 
27163 8239 38573 22636 25428 19301 9421 35171 20793 35778 33351 20464 8353 23301 38998 30895 48458 14259 18737 3581 22620 14635 943 30847 27630 18130 4971 3499 16711 9853 
43089 17034 20873 7891 15983 47665 48923 2459 17815 22338 15330 49187 27216 48747 29482 36964 37646 38448 19156 43323 3250 12150 47139 46403 24785 13311 46864 28008 33636 38888 
12434 5137 36251 31267 21716 2054 27614 23726 4781 11868 34944 22751 8674 2574 19545 7485 45029 33246 22207 15619 49127 12680 43771 3096 46198 30414 41904 423 32764 12834 
47887 49272 9451 43779 22331 6448 47975 5454 14251 34057 2681 28667 23652 29376 32863 29452 1945 41353 10723 42787 46319 16234 15428 22606 27474 25565 29189 2266 22873 15022 
29327 16966 27315 26461 39430 27598 26722 16889 42453 13006 41041 23072 48072 31990 49336 38193 2339 44140 6128 21653 46838 34867 1688 9350 12945 11831 29473 2027 9107 22195 
10822 46968 39390 4245 11008 45203 42763 47726 21927 40548 6886 2881 7049 965 2128 16703 15822 31639 27180 44813 37658 28233 46036 2771 5602 37667 10829 25274 19149 42274 
17052 14441 17011 9450 30882 7548 39025 4904 36955 44998 11190 17461 46961 47290 40442 7035 3466 26730 28955 8355 45467 15595 883 36172 11316 29644 37499 30988 16183 26582 
5965 39659 11345 29171 4376 25314 47704 34731 8441 27305 18087 48874 35792 39907 47461 8978 13520 27859 40513 2832 16677 3156 43350 48801 33327 2529 20546 47798 39178 27535 
46595 34812 47223 38153 5693 34888 37738 21018 15359 4287 33376 22131 14681 34548 49167 20905 16894 39625 17596 21766 4540 33999 427 32094 46364 34300 25843 37377 20194 23638 
35114 14283 24384 5838 49938 38794 3204 34088 41780 2370 32094 35985 38244 5922 39320 12683 24554 34764 35284 48319 37774 8175 35960 15148 34699 42560 45635 31398 8116 23279 
5330 7931 10187 20743 2723 45345 49049 23538 43642 15903 46083 37373 35474 24987 11204 44572 8442 24424 19695 35871 10466 20647 29935 18393 45410 25783 21332 19109 14921 49791 
45988 26472 47283 35706 16273 32785 10330 34025 16041 35623 37430 14473 29801 18426 39416 1594 40799 41252 3125 10670 30177 34184 24906 22062 48635 1775 12320 37655 39152 6782 
49198 21217 4560 14961 45336 37343 42502 40614 5486 40807 35290 29935 36235 11268 4114 20769 34953 29730 5800 49537 31116 1119 34771 46360 4629 41188 44342 11018 3134 16333 
25105 32999 9026 15010 12499 15958 5565 30838 5143 34152 44449 19346 25223 28381 48558 5624 31913 9220 25547 27894 24673 43151 31364 39224 6390 1456 10511 14034 6996 36797 
22316 1114 23003 20833 20713 13653 25572 8588 48729 44167 17225 25885 33439 34886 11773 21831 5437 22460 30788 16630 45551 43072 15707 20859 29965 12754 21304 9135 7493 34034 
9887 7557 7056 37982 46670 27036 30287 1857 32685 28866 1602 27069 35543 31516 6332 10371 17759 42490 13750 42990 25501 939 18613 16361 18309 38031 22092 14750 49667 24442 
2380 35126 12523 35980 39015 10928 37526 36055 37300 17991 21059 36802 41440 25144 4597 45034 6592 15073 8745 18844 32483 39986 16341 22015 40088 11633 41647 45842 36400 46566 
27141 7127 38448 14429 31354 43523 32036 42414 45353 24878 34075 20230 46688 43627 24481 46242 9144 28054 27279 19882 8357 3836 19221 13088 26560 26288 19707 4443 2179 36112 
18055 30302 6710 3833 43590 9394 20973 28926 44604 28156 36626 29149 44364 3509 6725 48085 1067 31986 22638 45948 41171 2791 12722 25454 28487 35324 11895 39986 34370 19554 
43745 5192 19659 43661 42315 37300 13367 14795 40562 44244 15235 27273 22758 32413 35623 33123 29402 34905 9353 23167 36108 22971 5624 13213 13360 14235 310 7241 43843 12629 
13621 43875 2002 21229 16578 18746 10095 17571 43074 17459 1821 3506 23516 8160 34123 11418 26320 14251 17793 22778 31462 23806 2471 37143 31542 3575 5590 33313 29757 31207 
10296 9294 47270 28591 46254 24021 32151 12315 46356 34662 40836 3141 37086 22259 46610 28878 35016 29757 4763 3766 19100 33204 44681 29594 3972 45693 41658 48008 33823 31354 
11198 34055 507 12338 23942 44223 48356 40374 18346 45365 29167 16472 35822 37711 41413 1226 10787 48059 11780 5273 31442 34649 46287 23480 16021 18553 42095 15317 14006 28666 
2743 4500 31069 33903 21817 29955 4790 47864 7536 31157 11005 22713 15090 31718 770 9535 40797 35023 41774 39249 20264 44204 48303 21283 27790 26874 37647 10981 40475 19048 
323 34622 12120 3688 45437 34132 28416 45294 2330 34819 33295 10376 33387 10796 38830 47840 4373 33633 3616 3006 1761 25625 15261 6616 35930 8260 19677 39172 11563 6921 
19809 11935 14931 19715 25071 25914 11532 35260 5354 36626 23747 12654 34846 5818 29340 21973 20128 2842 14032 48634 39424 26493 25810 37604 11189 9532 44035 8962 41498 49019 
28351 27222 44815 33793 26053 43450 22926 22543 7 23843 10429 20401 23911 9303 20996 49787 44800 17028 20997 15350 32655 27201 6957 39660 46348 8827 394 10173 48687 155 
47141 35722 3324 40709 1605 29032 43131 27166 1055 31085 34481 5272 9454 24638 29313 27342 8445 13472 1474 23525 22369 18250 12619 26778 29352 9652 227 9725 44092 22896 
6508 7288 3456 7897 10150 24078 25502 20507 3774 6149 34008 33382 28346 12049 11474 38711 10433 6344 44196 47558 14537 43432 38834 13287 42772 20168 34670 25482 22264 47410 
4095 23125 39529 47588 652 45512 14847 12197 11111 41566 21371 40182 13913 38266 4497 43438 11358 46834 380 9084 7070 34731 35373 43325 44299 19568 35333 41965 37479 17325 
48471 24731 25426 357 7699 46473 6440 26201 48133 40781 1287 4452 35095 36450 35987 13293 31244 37667 49253 23398 4858 33505 17897 30196 15764 18508 8305 42288 36440 16512 
25114 388 504 46413 15572 41100 3878 1707 43127 33696 34545 17350 36841 1236 667 38213 45324 13406 2356 10925 19195 43310 4008 4852 38154 5465 8525 3800 25376 7778 
36771 31744 5042 8696 44293 48009 23033 30545 48415 30490 8978 30525 7843 30152 37802 38032 43374 8264 33501 24093 43361 27970 37036 6446 18337 17642 16442 16197 19472 34048 
24148 38159 17632 17510 36637 7779 25459 24485 7439 40993 46591 3829 31574 32631 39481 42341 30633 30359 38522 36289 42714 43257 2957 20298 26431 21158 46288 31068 25442 32826 
46851 10869 19724 13 12004 44032 43805 42063 17480 30817 23676 14740 7623 42328 18357 21237 3185 542 22096 20544 990 21477 2890 27002 31050 30097 43318 12560 43529 95 
41683 40883 24658 45298 48384 25411 21008 14666 2560 22582 38083 22470 38159 47483 24155 44779 27781 20649 41348 5257 24290 33113 8100 19033 21134 48493 40067 4424 34783 175 
26288 4883 25486 48149 21817 31558 43159 48813 17810 14566 44447 8210 26969 17903 13953 27318 16303 29408 21454 36374 21803 17337 31536 11756 20369 27760 45464 44430 3223 42621 
8190 26214 39980 33441 45131 23628 21432 19084 25263 38061 7611 23348 22967 26583 34559 48558 31944 22710 29518 11565 5342 39902 10701 5376 7027 37917 46665 10188 48356 25813 
20648 22006 26021 19497 12844 27764 16154 10215 49362 7081 3184 48960 6212 40047 8563 36425 49484 1149 40530 43644 27439 14498 29522 36371 702 4211 34060 6621 16992 5914 
2469 25307 3782 38322 11528 4583 39796 42301 18980 3365 28199 18906 23523 37457 210 42989 32824 10294 26337 3238 6548 33387 45562 31523 39943 33903 17361 26708 45819 40390 
12076 34475 42848 39832 14730 779 21555 435 42227 8272 36972 28064 36729 49202 4377 17572 35781 720 48489 5212 16998 36645 14565 45725 5126 914 15697 27382 34106 5201 
25491 29806 22025 21076 22775 8664 27034 33344 27896 23025 49418 35837 34547 15272 47187 36706 32470 24535 10801 18049 12282 684 5569 35835 13836 19308 21584 11882 14701 13553 
12191 6131 22010 30511 24588 21631 22074 48132 1337 9452 38355 27381 24049 29742 49145 42046 17877 10680 21802 5948 22632 28894 38551 35769 46549 31665 29662 11350 17478 47980 
47828 8079 19722 29702 25256 10485 40479 29216 29188 25024 36623 35214 2586 1897 28388 40147 28756 26151 24614 39401 12537 20001 33401 384 17187 21862 23405 24615 43044 37477 
44776 49835 40533 33437 13519 40840 26335 49596 35332 12498 3501 24838 34839 20573 3514 16510 29368 35477 23350 32811 47199 38156 32652 45224 10395 47459 12446 29025 48862 5194 
21617 44062 31648 19471 34205 39351 38011 1741 24968 35678 9401 15604 23980 18479 24992 24443 43324 19264 14967 49630 12269 17913 931 6408 27601 28741 20839 39043 38745 2961 
34684 42064 18012 40194 28745 29666 8440 45740 17841 48299 27968 38348 23349 11294 26629 37628 32327 11122 29357 24411 1761 9986 39356 12287 31559 43196 30857 19914 45839 21839 
38707 8606 25149 3152 25136 28074 9767 30295 21564 47564 7408 44751 28391 48131 35323 25715 3906 39723 25383 24225 38086 47327 17618 31316 5574 29714 11433 4749 35348 6183 
5650 4131 21162 5386 39575 33170 14403 42269 158 35958 23692 9186 42807 36004 47123 11114 17184 21325 43313 21699 13873 37869 40494 47836 2493 22095 684 35976 47064 9550 
785 36748 19872 37418 10496 32738 35142 13513 37249 11621 10841 7045 1439 21789 41263 13268 16708 13044 36828 789 12673 44885 14141 35234 9486 44732 44658 1511 42751 45593 
36614 6157 34638 28932 47191 14808 44911 15294 36395 305 34940 42413 29155 11029 31193 33075 45999 3107 3158 10055 20974 43133 21629 15409 26179 12463 4556 14073 38163 22139 
44285 12521 37530 27679 33576 32806 1797 39892 13920 23627 22594 40163 26908 40199 16228 8593 47441 45377 43762 44557 25232 4970 8616 19009 27295 45178 37790 47099 28250 41791 
9865 10544 29309 27458 19155 35836 19891 23161 48563 2436 25959 44894 45360 27395 10275 24726 37686 18621 31769 9644 14305 33326 37465 2919 30277 20200 22311 5693 18812 3450 
3046 30351 462 20204 41168 37522 20012 19373 25136 35608 1314 40377 49883 36398 24646 32606 5253 28817 45980 34125 34092 49991 14280 29415 47729 8958 4180 10288 45685 32472 
5558 26344 10815 6893 24350 44787 6028 22946 15741 28489 20319 26607 28357 40194 13459 36090 5625 39587 7619 2442 44781 45147 44306 8794 39395 1955 17156 29655 16913 21693 
21475 20748 16260 27591 15591 1646 40073 29601 36958 33348 48151 48409 2529 22369 40975 37440 45798 18306 6626 31552 48604 4742 23539 33171 18717 46523 12303 30491 8555 43513 
31465 10531 23009 35439 8003 39711 39693 32144 47241 31038 17807 33783 29687 1401 14865 28060 3208 31411 15004 34819 46692 44091 49772 5345 7799 30355 20379 2949 5953 36897 
16498 17237 46690 3146 47264 16957 46241 36265 21481 1193 26394 22595 22891 47655 26375 17926 14631 8254 14182 22710 14660 36254 5910 16514 47510 34635 27794 32833 1970 4468 
46368 32838 15428 16212 48533 47583 26796 16822 20157 32015 17700 25271 6625 36815 42388 49157 33642 49033 3103 5118 45438 44419 27903 15154 24228 27231 31907 45798 30027 17540 
36433 19493 22995 22148 23704 38913 25048 37549 34739 25383 6367 36954 40795 8750 22344 7701 25850 13189 33727 4914 3684 20479 31801 667 31115 24010 22809 44378 43662 33865 
25938 7550 10491 36648 16317 33143 19533 15591 13187 14076 30811 48462 11570 6429 23717 34262 48776 11920 42032 12379 48152 25328 15492 44145 21013 14029 10043 48047 1759 42516 
19310 17290 47963 14277 21734 25731 11895 37467 23531 46834 15523 36116 8390 47863 21412 32345 8218 16691 41174 3185 26282 4143 15724 49051 17430 19967 46342 25005 24983 48485 
44134 44258 24225 41246 23990 46379 48673 26296 20497 49640 18180 36232 2813 8171 21886 37857 43799 45259 29832 7066 27062 10637 47994 12200 24883 42818 45870 17054 33322 30518 
31171 20277 15271 22366 1919 14547 12789 6394 12898 48062 15160 46404 25844 19388 14197 42022 23815 20588 48102 27105 43937 42147 49157 533 30901 14691 19673 14930 5055 15008 
46836 14649 25079 25841 43609 37334 22000 24232 39963 21935 46915 22080 41569 47465 48221 7830 40953 41659 33887 8420 2690 46385 28127 34915 9026 13408 39371 48441 12105 22325 
42274 3556 31091 19107 3836 6228 44179 36731 41306 32491 30337 29433 8335 49742 38449 39610 8279 29802 43812 17706 47609 11687 20520 21387 31824 24671 17550 30025 35045 47101 
39877 19266 38994 35685 15058 37756 43023 6528 13927 14946 9517 39379 4951 32525 10598 18371 2039 44252 27933 3645 23382 31884 4866 1386 21021 468 42084 45808 6329 46160 
29871 31694 2599 250 17795 46809 12701 7546 6433 4033 7947 554 6934 24609 7288 3975 10339 22464 30281 13803 22963 30861 13721 12968 23395 20126 9265 35562 35038 9445 
2391 28003 34398 34805 7937 40794 43375 14969 27136 20025 2851 16301 7246 17312 42881 28737 17328 5450 30056 36200 41417 10639 40558 31845 23628 2034 4166 12480 9115 8507 
34066 16611 24759 25814 6391 22876 1098 48326 628 6823 48252 38137 22000 25014 16384 30789 28668 24467 36325 21530 14717 34415 7324 21238 34765 13241 16539 32798 595 42551 
45353 13658 22891 13317 12711 5209 1356 7662 7652 28720 26356 34213 48737 49240 28923 2239 49695 48147 20007 2304 543 3321 3541 46895 23977 12437 14618 38238 48381 29210 
47316 38404 46484 49449 42497 5330 36063 36181 21189 30806 26834 19796 23040 44819 5179 6730 945 47255 20809 30905 41670 33297 18024 25615 22818 39730 14082 26097 28872 43944 
26002 15506 31586 32096 17790 6976 39032 18339 5021 36021 4708 21251 9395 42019 48814 36552 49303 17798 49697 3876 48491 5188 16372 43891 24908 17877 31184 45831 32074 31643 
44858 16882 5909 3902 47071 10593 31309 17206 1841 32061 37191 18737 36574 24560 5036 8071 39360 35242 5110 24367 26590 45300 18986 23026 34088 8533 39946 7516 48808 16652 
44810 3583 16454 30073 19417 37748 25635 33709 47498 11461 39959 44356 36179 31108 32069 48184 36290 10047 33888 36642 165 38507 24957 29937 8520 48069 5001 6916 21096 45474 
44922 48522 814 9582 29887 24814 19134 11327 40040 15607 9175 25067 44964 44662 15887 2532 25527 32985 45761 28326 47811 39240 38139 31393 17515 36574 1997 29373 13196 10151 
27283 44706 11372 44960 27111 19048 38652 38668 33996 41482 17116 26187 13931 39927 14710 17166 33728 33864 34250 28413 39813 29925 31378 1348 4169 27395 44654 7657 14101 46349 
12330 33457 24132 4399 31281 45249 46769 36749 7667 39559 16664 11974 21437 22716 4501 17862 36163 46970 24024 18982 6617 16901 8357 8797 24064 36741 49872 19699 26656 4320 
29386 1963 21385 43990 35872 46298 19801 48774 15489 16879 45069 32749 11962 27449 37479 27519 9698 19092 32170 17341 3881 28251 7720 39435 49492 28006 28717 21529 14731 16165 
20178 29907 32068 8259 42422 40301 13438 36118 38411 32647 43295 7528 19576 9038 18411 9385 23345 37643 30979 21678 31512 7322 9097 44565 49236 21485 17497 19684 15863 34563 
24334 31708 10174 532 21012 46602 25902 43759 40104 35752 19978 43419 40276 5074 23429 35872 19949 28370 19557 17160 7380 15797 30300 6874 28147 29000 1738 44526 10147 28961 
3868 18930 23838 7044 9106 3910 2019 43978 28329 27340 18243 12341 42638 40896 37116 27431 8219 15586 11996 45253 45223 40512 34860 32337 15989 21414 12286 46558 27475 16238 
26147 1244 9163 15379 37356 2056 33383 21867 27841 15863 2151 25935 17464 28535 27835 20366 25285 24921 32592 35662 32743 28288 34509 49527 4734 47240 24654 10735 710 10844 
14257 45576 26208 11351 29747 6039 48775 15245 14372 25448 16264 43690 40343 27092 3845 44843 8872 30561 37838 43624 46145 28376 38202 25162 31709 5557 17263 16845 18802 38562 
24327 20607 46376 44510 19370 46787 13184 8960 2824 39324 23869 23945 15230 29145 32547 1070 47137 36054 40829 4029 38933 28899 45475 11876 3747 46704 44644 28788 20405 1662 
25047 3032 14557 49882 11948 14692 15102 41120 7349 48454 28593 18107 25438 4792 35330 42669 21179 11566 28883 13132 3233 1064 17147 3586 23271 7342 30448 16892 41042 32660 
36076 2243 20602 11468 16817 8802 24892 45366 6331 24025 17840 38756 17607 31982 36437 28761 35626 22213 45435 33675 43650 42478 6217 41034 37936 37112 538 23248 37641 9079 
10802 2616 13983 30575 27693 35803 46749 8407 24136 7713 43717 43961 1476 49968 31076 41990 10273 34406 38887 42930 31471 16040 4720 6726 34367 10159 14361 27528 4186 18777 
22466 9702 8180 1490 35748 9346 35444 237 21824 24029 12306 15149 21498 15811 11607 28946 38126 12153 32928 47099 6570 31913 29472 29352 47820 41788 24401 22856 33135 26720 
46125 37067 38186 1748 18306 25503 11803 7146 33146 40383 9814 25214 15223 26427 36792 31571 21539 29730 24718 47508 21212 49157 2520 12206 42902 7382 38836 43107 5432 42876 
25187 35677 27283 27345 38245 20277 31108 47243 18661 27342 14505 12917 7377 34318 34980 48168 15506 30224 23000 15614 21654 5490 19709 44520 21555 47987 16222 45362 19217 25205 
47582 44006 12494 30006 24004 23804 24978 30086 41012 11635 35526 32745 35958 21686 25986 44454 6309 2916 18240 3192 35659 39769 38325 16982 49912 12489 21671 45533 794 28628 
12459 20822 18921 26330 20830 8501 26823 46859 21328 47829 16586 25511 36234 33265 1470 34243 1800 49354 13530 30572 49776 29815 23774 5972 8173 41858 21265 9001 18298 22367 
26062 31711 21854 41988 32258 3725 35204 39856 28682 41840 40058 13123 4193 49523 15048 42154 18992 24182 18283 40625 37494 22642 40874 26021 47180 7524 18199 22008 16766 17926 
39548 22929 29992 21106 45166 46842 11953 6596 30767 23360 45430 36234 18543 19583 766 41727 27919 14993 8998 20856 16404 3880 9943 1889 36032 15620 41065 26865 17576 49057 
20353 26644 38183 5569 30214 9489 27973 9646 5163 9418 43344 26675 15631 2278 23852 11416 21707 41493 33649 7420 5004 45461 8848 24523 39652 23022 2862 9008 8325 15062 
16442 2815 19658 22069 3792 16468 39085 2396 6903 41473 4668 13254 35198 47251 12079 21854 22143 8416 42888 46745 40427 18813 44923 37260 45644 20515 23604 39407 38774 2705 
37259 31651 28991 7609 30853 27001 35285 28566 35709 42082 40351 46542 48398 26586 1856 28521 48110 45327 17570 26544 44879 17537 40630 21893 11105 48741 42625 29693 25656 5904 
12863 17251 47450 12702 22471 47112 30595 11091 36756 38720 40136 30308 15105 48205 32071 44078 4890 47584 3025 36908 47696 4890 3987 2969 33125 49324 763 16400 3306 5086 
40511 42599 39572 7224 5820 22646 32609 24111 42183 2143 10542 46151 7440 3989 20608 34246 21883 28125 6741 30895 4250 48145 9788 18934 29479 49087 36656 26135 26760 45176 
27433 29140 19049 1392 11150 44044 25237 47060 9178 29484 49 8609 32061 28566 17924 31031 48777 14138 8728 47578 10483 28973 34469 5828 37904 20692 41575 6578 43894 47858 
25147 46959 35939 21266 10340 12105 40017 22760 2440 10110 42548 36373 18693 5579 3824 31223 16252 44790 8790 45547 30978 30974 23218 43720 8670 35117 18921 29737 28551 49425 
11022 22772 40935 14209 35302 20007 17900 33561 14054 48452 14627 12340 39650 36687 23957 44890 20363 22344 17815 49654 40275 46548 47309 1942 15065 10032 25048 9209 32938 14004 
18383 18005 8982 39748 24211 25584 32730 11224 5190 18582 46843 2243 12631 672 30004 26803 38055 13014 48097 10616 23741 614 2241 20821 14947 10465 46305 43510 38449 45428 
7496 41914 24890 42749 49768 25739 26534 18339 37003 27958 26608 16298 16630 3418 22401 4481 26877 46413 9845 30146 46279 15257 13402 35112 19227 33119 21387 15804 469 30472 
36485 38358 32040 24127 3187 44764 8446 24034 41506 6206 42124 49176 15409 17242 23309 13512 13069 38848 26351 39585 29619 1144 20017 29908 22912 12242 39655 16559 36702 47959 
49959 40740 37147 27660 45884 24384 638 44986 43459 47446 34646 28618 12622 6254 39164 43351 31226 48334 8230 29987 1513 13976 35210 24204 23951 41349 4802 41968 30468 46317 
28094 18132 565 46305 41952 32685 36699 48904 19676 5512 26051 33208 46073 29022 35828 32059 40063 16513 5412 26522 3450 27415 29745 7990 2047 44719 38699 12712 34628 22974 
28676 12502 44440 13312 37858 48890 42051 26879 45816 8628 44538 10264 14847 27608 44897 40847 36419 40954 23281 44258 26606 31298 39727 20811 13813 21339 16171 20469 35175 21722 
12692 18277 12033 28336 5872 10479 27666 19444 8483 14799 34201 7805 18586 34945 37967 36494 17421 24133 21276 4290 23689 5985 5188 25729 23056 3391 6867 42100 45822 3642 
38412 29860 15439 45466 4515 3691 43990 13901 15919 42608 11721 37264 36027 15579 43408 37010 5480 43023 45438 28599 5496 37919 23108 16397 6788 42008 32438 31761 18640 31938 
26840 12136 6798 49590 16475 20598 46300 12849 28261 20693 43941 6985 15018 30484 10607 5549 14956 35704 30227 41932 42299 35326 46331 30665 25235 39618 40575 35605 14373 18530 
3873 40489 3356 21720 22722 1155 18899 8974 34640 29914 25412 42643 35485 30750 37280 35188 49635 40000 33630 28994 29861 13756 46303 2735 45938 44815 44386 10139 48953 42578 
23179 11142 49824 6464 14304 1650 13219 13932 24241 14716 34595 19555 30598 32161 5204 42381 2559 11055 15731 40289 29280 39463 3828 579 22392 47586 7459 29524 29447 35281 
2017 15433 38272 19903 8751 33646 36089 24360 47454 13112 37109 49263 36615 27649 23227 7223 14222 23670 43764 42405 18998 23478 21012 49426 45104 17020 36422 42976 27427 10991 
44253 46127 27446 11068 41026 13695 44109 30778 23998 25686 21599 26495 23697 14170 4636 23256 12518 170 21769 31582 13481 3389 4802 12121 42532 20547 5450 23263 23249 21813 
42142 10587 40708 9426 47243 48619 6018 37812 11323 38725 27121 24101 28267 13744 17955 22058 8393 12581 23443 33756 12120 35083 32546 19876 31997 42286 47171 16614 42367 49314 
45751 19477 1191 52 32877 33072 36101 15857 41381 38509 14078 21801 28308 19396 22231 6058 7026 40797 3595 8591 12431 22557 32336 29501 29516 5497 1893 16889 44321 15017 
37806 21428 41887 10935 13273 32736 30785 11937 5198 1344 16824 19876 2027 43251 9064 33873 27635 34547 9432 12381 33896 24377 16051 30382 1480 28114 14219 37876 777 33916 
38470 47565 12203 25835 49498 32098 13015 19539 23701 7085 24399 16739 1618 27485 23102 16777 20294 31393 26392 49033 13924 19907 198 47020 927 29115 38080 45888 10459 22964 
44511 23466 41591 22286 45590 34339 11467 41365 40032 14678 32019 17971 2114 47603 9235 36587 34543 11966 41572 8756 4276 37658 2978 6413 223 39476 32690 39364 12122 13665 
45487 23230 11664 14870 25597 45696 39174 4175 50000 2433 12106 37219 15989 6787 28199 42851 1634 45060 12873 7473 5654 2233 26700 32638 18118 27687 21155 407 38384 10228 
41706 26981 22711 49072 28727 10991 35441 33879 36344 9542 17957 17548 47778 14818 15723 22046 6202 38605 29275 31733 32523 48121 37612 4079 23554 15324 11370 26616 23150 12150 
17382 5742 4046 12025 20489 22983 2584 41562 28270 6486 39810 9428 6388 43629 26434 19565 48983 13135 32033 15975 14567 44337 34833 248 12298 33178 11291 42784 42523 3036 
48229 45745 14850 869 15555 943 17315 506 34760 45193 32455 49556 41803 40490 49046 21900 12785 44913 18303 2337 29511 12613 6284 10298 14295 36997 31391 19260 46488 34619 
9921 44166 776 43341 2414 30187 10016 16684 45243 14938 14669 48189 27334 37053 34527 40076 46240 4916 6932 42021 30327 24101 23956 47195 40313 5565 22271 26619 15420 9741 
22294 20224 34008 17996 24511 33286 14260 13361 42675 42824 45880 11277 18914 116 22443 1085 41306 42133 39179 23853 46930 4383 31984 49882 48554 11404 26478 28757 42701 33427 
7081 38728 44083 8777 6887 22102 44996 20466 596 25751 17888 45248 22107 29783 34476 47181 5764 11355 3560 23321 5668 44544 33401 46061 1130 19170 19590 12435 7976 9721 
48227 27920 43963 48064 28764 28881 6029 41932 39195 11409 42441 8719 34007 40195 47627 10298 15437 18120 47603 34643 23557 40609 18181 14805 24456 8106 392 30657 29879 28162 
27301 40946 24867 12510 41966 35556 649 32084 36303 9907 16503 27009 30480 44165 43472 47393 18230 33817 26887 29891 2879 36506 27493 30233 47227 7653 21422 12087 30246 38265 
41325 9629 42731 35048 23211 47813 12724 47964 46270 35585 15680 22957 48900 23515 40828 48126 38 6002 7091 3978 49146 22412 33224 11159 10220 49444 35631 32298 17631 48672 
37742 3899 9342 14588 34892 31383 2851 29059 30877 47946 14116 8524 29809 29556 26726 1150 24659 44418 3868 41641 3190 12301 23398 1924 32414 35198 26302 44583 6741 35975 
27847 29902 23900 4813 2199 40092 40940 10230 7018 9935 5488 26067 27020 1717 7268 1212 1149 49168 44670 40665 18195 12472 5444 418 44145 9697 1869 12566 41437 32113 
11409 16285 46741 44439 15999 9248 31306 40842 38187 31635 35910 22404 30851 10003 34509 29036 42070 18578 46340 23149 5200 49610 42575 39997 13164 18394 16657 26653 9146 45872 
10908 14539 22154 17916 10298 11479 14437 15537 2771 41769 26090 37202 13636 10315 130 29623 3482 38409 46310 2393 48865 49167 13764 28979 15989 5374 38336 46352 8000 26463 
43903 36835 22514 16103 15554 16715 26740 1868 15665 34127 702 21998 41206 5345 19263 20942 37763 23468 39226 37207 8341 31065 20099 19066 14579 8810 13814 1621 41896 11975 
48175 26507 42308 36047 48302 38520 996 22589 22638 19082 5452 1042 22240 6950 35924 41931 8283 32750 27173 33775 17391 8890 22169 38592 27970 13737 26460 24492 36213 32901 
41329 24631 5595 27880 18078 7643 28943 16390 3970 43049 43160 24455 6781 5598 2463 19540 27260 29437 36577 14044 46931 8056 43706 25355 23407 3050 44522 1214 12085 4936 
20005 42070 18804 35292 47176 11792 36912 40209 1598 45940 8638 47544 4209 40582 12635 10931 17377 18568 36272 25851 