202 1836 3094 4588 3858 3088 4214 1880 1865 2396 4956 1359 1259 2145 2326 836 4667 4569 4431 2898 4122 1429 3416 572 792 890 2972 207 1776 4879 
51 1844 757 325 596 1170 4713 2732 4755 1166 513 1547 791 701 148 625 3303 2349 919 3786 1318 2304 928 2905 203 135 2639 2762 2026 1631 
3726 4142 4187 3564 3890 2916 3891 2335 4267 4024 2780 3451 4684 3574 3668 2602 2367 3681 3248 401 2669 4120 2747 3802 4172 899 3033 2443 820 4314 
1434 4434 2685 1056 775 3273 1886 158 3902 2308 2574 4272 1346 3266 387 3570 1207 4712 1626 1490 4225 798 1197 3505 1858 940 422 4212 3122 2467 
4618 2563 3056 1989 4364 1794 652 3309 2645 1987 1037 1457 3909 2505 3714 1353 1393 1677 1025 4626 205 2412 183 2585 4005 979 2700 447 1339 2229 
2137 2107 1860 4866 55 3504 2974 4485 2155 1370 711 858 1517 825 4951 546 2097 91 1414 1877 1959 820 155 2549 3613 2421 4945 449 3437 2091 
2135 2771 439 3224 1468 1809 3804 2504 2605 175 2826 2732 4315 4983 2863 1389 2086 1379 4807 1177 3115 3175 4275 3671 910 2096 1847 2042 842 3330 
4750 4741 498 3272 1692 18 3719 2787 1006 1590 1823 4129 1014 2985 1471 3860 159 592 3973 3560 383 2816 1414 151 3826 391 1913 2166 1809 1429 
1954 1316 3409 3150 289 3685 362 140 2981 30 2007 4091 728 3271 2347 4218 2305 4185 2068 3847 4115 1345 3937 2024 4780 2278 2176 4828 3588 4006 
4890 1351 881 337 43 4673 4200 4894 4893 1257 1167 3769 4407 2741 4165 50 4218 3746 4019 2553 2704 4246 4269 4395 672 1265 1218 4204 1040 1345 
1967 4454 2717 1352 1133 1140 4234 3414 1403 3680 4409 1939 3353 3621 3579 4667 1869 365 3070 75 117 930 2161 3711 1305 130 2733 2549 4998 718 
3579 2620 624 1878 1568 926 496 4295 870 2922 2660 732 3764 42 3365 3463 2274 526 496 1058 1364 662 4735 187 968 3597 287 4134 1330 1097 
3349 354 3485 4362 153 368 2530 318 4468 870 2546 277 2963 1686 4030 3380 4463 3910 3460 146 2476 2774 1078 4285 3171 2583 687 2905 391 2738 
1374 4504 1851 2811 1876 80 242 2188 3940 2415 4713 2560 4399 4145 673 2213 1278 572 1326 3741 2373 1044 1340 3860 30 4199 4428 94 3909 1531 
3990 3785 2194 3691 3997 4097 3995 2899 2773 4276 4115 2614 4220 1112 1386 1370 177 1203 1270 2719 4887 40 266 3675 1015 1005 2205 114 4104 1368 
4746 1779 3938 2987 3802 907 2424 1897 4592 4394 1771 3445 4047 2035 789 4453 541 3597 4683 52 1741 4576 1392 2401 4043 1179 1266 4464 155 1635 
3982 4912 4371 4140 452 2835 3193 3374 4994 615 375 321 231 3454 3190 2394 1791 4581 986 48 