69 23660 26134 48723 36707 26488 16290 53017 4967 75602 51324 68068 2060 69024 24877 1130 60282 59490 90109 791 78825 75106 85541 21112 12603 62925 98148 87238 68155 97319 
99669 48672 72483 29072 16200 58081 19890 85323 40221 41833 91041 34575 90585 16471 66971 5260 36270 65933 62045 67179 79214 70340 13416 14745 30457 59939 66909 18567 66603 55052 
34322 16565 11553 79422 4867 55568 214 35867 50534 53942 63648 77656 64837 64124 70557 57305 42085 93265 35513 6830 61697 28004 42378 79020 2880 76862 66287 3287 52277 29768 
21120 40947 75438 90112 38827 98504 16560 48943 21886 18433 61574 97037 48774 1868 32673 56070 81141 82601 98629 86970 14136 9633 29065 49660 32418 57413 95972 36974 39712 61298 
40298 69444 35547 10933 65618 89094 68770 56401 7010 26087 41035 81912 5074 97056 95789 53251 29386 68515 98800 65825 69690 77039 14393 10999 28908 79257 71258 64213 61632 95677 
90936 82041 37389 45987 64713 19104 13926 19118 45627 51595 52918 25908 81695 77119 68425 51540 87160 80485 46053 22636 6198 31137 61496 52916 55696 38435 61674 39013 93060 5881 
3015 41020 74626 4238 33402 6200 49803 28681 44654 55131 99065 44402 93067 23641 39393 18186 80836 90401 36280 4483 78897 80948 66963 57410 40293 65146 23784 87813 61323 45030 
88622 69038 58128 12890 46626 6294 17178 81593 26020 38834 16515 95622 81149 36030 31351 4105 20092 93026 1059 94484 57151 64899 10981 3692 49779 97714 42547 84055 94944 20125 
83132 73366 61007 68538 53005 18933 41116 92695 65341 31684 92332 73869 5109 92780 904 64062 70666 65483 92957 16659 95947 63865 91685 41860 65486 55752 89458 91900 99723 37525 
80444 74219 1428 68961 6396 39442 21754 85477 32715 90848 77916 20757 77189 76751 67097 68953 62283 49128 33371 39976 77583 13225 55770 58771 30573 74833 61547 85394 49010 49854 
3180 30779 46850 15810 2175 12083 90694 19667 2916 78716 77742 8477 25358 37089 19415 85489 69543 52059 3765 86623 93787 75118 64073 37788 43937 98349 64145 53918 48361 40927 
94543 50021 63579 99351 41635 92670 43631 41844 47733 49380 62634 56692 21112 32641 21087 33360 14582 94607 72676 42237 72927 56315 47609 66720 5112 63746 35582 27152 15768 61554 
50522 56414 26589 41439 20848 16208 88096 34258 9802 2978 34224 85503 12661 10559 83731 64840 51696 97850 36942 97627 15693 98397 73546 56226 91567 43764 25183 11128 57145 78426 
77297 24059 8848 20666 79668 18042 12465 73615 56840 84042 48058 80943 6582 45336 18838 66594 6774 63240 74668 95920 43672 79806 53835 8159 79136 98375 82451 4418 40919 53807 
66099 57487 23354 87623 53599 80362 4410 24536 67607 59796 82203 74908 64934 31894 55907 27752 34233 67701 80125 12341 2474 69122 86573 81582 3154 60012 2745 48685 1351 81667 
14236 63249 37483 12456 14042 21811 72875 31157 76700 99967 40270 30989 60650 91325 33690 83277 37610 46973 82010 73057 51084 23239 49469 22749 75426 7206 67936 95087 1763 93461 
31806 5806 55936 76841 45650 17727 68137 17805 53172 22118 48795 65733 14378 16292 2814 29252 7888 52850 25959 74224 13689 55037 46759 29546 1139 90259 4879 70932 57070 40416 
6030 2351 67806 14932 79883 3747 82527 31653 89021 70020 82173 95150 75910 1550 72739 33987 55406 97131 49271 89298 55405 79035 92338 81178 12068 19080 45633 85931 33262 98525 
90196 83040 43318 18586 1269 11666 776 21976 78238 42647 66767 72840 77808 55915 84345 54854 73992 21135 72125 2796 81316 91661 50991 45931 26820 82185 55480 71405 60707 36887 
67916 22660 28133 80580 22903 81414 10103 62237 58081 82121 90787 61093 7911 28461 78932 942 37974 19276 90715 60554 42878 22514 28734 27958 975 13613 11962 76847 26773 24347 
60468 4134 4828 28145 59480 17630 61377 44340 84770 23051 69769 41420 57141 68363 22571 78712 44912 88293 24786 64928 28789 78489 11855 59469 51251 29323 62179 65330 99566 27560 
1292 80459 36620 54803 63273 18677 52780 53286 32729 22417 65408 52302 85114 32866 32977 78153 9113 17825 40768 50367 43945 77839 99034 11246 36768 92070 80476 67076 60212 96485 
50131 30808 58753 24707 27052 13471 47115 86694 70287 11794 11740 45399 74149 94731 18901 15462 58363 80266 10549 52732 91145 56695 95198 32539 87532 1444 38918 75004 92329 42042 
66686 13857 96518 7733 63477 6547 81729 9555 34619 24194 73206 45082 45952 65254 97631 35940 68578 32256 9798 73789 204 82770 73491 57564 52057 82225 732 63953 78787 27467 
52640 7802 47439 82940 46596 11446 91659 1041 70515 73008 38795 851 8346 1464 87627 33294 43489 4839 41285 18144 60193 11827 95376 5060 12748 45700 82075 55022 20759 29090 
12227 98628 5117 75806 34987 69385 47305 23241 17775 56183 73801 35407 59383 12226 52934 67498 94326 59578 11238 38563 23700 33082 13641 46433 16595 95335 94532 51930 12784 54367 
3266 7474 82757 52515 96948 98481 79503 61770 52863 34075 92190 14497 86763 75439 36174 42234 78620 96961 60011 15625 91078 42470 61316 7412 4644 51015 32286 31525 58518 47449 
84242 27906 10312 44285 71403 51483 95154 6044 54212 50200 10650 65799 86719 88304 72199 92343 41350 81947 24689 50636 1984 61652 99746 71984 70019 48399 42316 40151 72435 30350 
61126 52884 37474 3718 71527 29411 58540 8141 92452 62188 66466 31831 92681 3444 44987 33597 80591 4735 28857 7452 39227 96159 84412 19392 24812 4731 24223 13305 22278 2401 
39359 87678 33662 5033 98946 19557 43926 38358 98983 49708 65809 16100 28312 59173 74672 63513 22811 776 91894 11315 28516 4740 51938 59860 29796 46398 24763 19205 79843 71197 
77127 12986 950 8019 27740 44934 89501 64319 26806 68851 42371 8936 9662 6832 55971 20733 91086 33008 58699 21372 41466 74183 74972 30804 5229 87194 82745 85869 50931 54748 
842 72042 96129 72461 7509 69187 29129 19705 95650 12156 67133 60106 63410 47790 89005 37218 4816 23853 88543 52754 33885 64431 27309 22148 62051 65048 96541 53376 70316 50010 
75116 40430 59798 60542 90845 25713 45555 48121 40208 52393 58158 14746 11501 70191 24472 31546 29035 19837 96197 43137 74932 62092 12999 41329 54750 79560 52919 23228 47263 72315 
94898 94811 66310 41222 428 45689 46565 49206 92553 59470 10356 51447 47887 61316 50650 37741 64769 21160 12315 82580 75781 34380 32361 11133 29248 94605 17124 59107 58012 40260 
71695 14153 55823 8429 6866 48844 4558 1102 72161 91349 36854 68394 92271 76960 79785 27621 63547 92332 74845 27912 35017 21625 11869 19994 49106 57746 96311 43322 13937 97701 
86215 36315 61085 34642 18559 27178 89992 15066 77419 92893 82633 70196 80927 75220 49630 64640 59957 23338 74355 60398 36695 92247 63809 4134 13278 62550 39150 10315 12393 58688 
83696 69469 75622 30836 76473 12466 48260 38712 78385 81158 34842 71462 72244 97392 86766 30419 32635 80349 94938 70146 21428 37431 2146 59970 77666 49354 45768 18783 52411 35082 
87814 1906 73512 88462 60204 61271 92602 64588 1877 73943 84586 57955 47484 92588 13945 78249 99151 80257 66130 46296 99384 41203 73432 40462 1737 48702 50558 77834 33844 62456 
21618 15350 86098 3402 16728 54391 4352 74139 76911 14646 73518 54427 67159 62090 93452 64061 11606 9389 20801 6948 78658 53901 56297 77868 18202 68164 56743 37333 25308 99639 
28686 78841 70032 95273 80031 93977 57375 71729 19597 13332 86538 42940 907 50750 94135 18622 24093 3322 2763 12014 50364 17676 46365 71726 93792 38876 20588 15350 38346 17130 
69128 58130 30464 68152 47852 57639 71149 95900 12085 35306 16184 98247 51975 73640 55086 92432 79762 16309 68138 38797 93199 51849 68444 1954 83768 78988 17737 8723 67022 32364 
555 38259 40297 37638 97590 61130 58971 15919 28493 97970 22744 60688 57267 81752 29881 32873 71600 49504 2623 59469 8638 55032 9886 88465 88519 23399 10832 53796 48937 5369 
32748 74656 84491 22596 15245 215 39486 90482 50868 49240 30777 99051 29683 74265 17427 81562 6302 72236 71940 91290 43267 54018 4141 37305 35487 12133 68271 29544 15697 13797 
54006 51437 45919 23303 56806 11789 93697 47656 1688 54060 47180 80875 20226 79724 51762 20 95089 60160 31005 90083 65666 77998 84846 97626 48478 13519 43681 44338 74447 96660 
97968 68259 93761 31771 1971 4345 39144 15267 55706 84190 61904 33684 63939 62673 66495 80804 6029 77836 1854 825 96354 53554 4438 29876 22862 67391 95554 87830 27477 91336 
49688 43909 13860 1717 88505 3168 40417 49734 53812 40155 36182 45285 60749 15968 27695 8833 80320 13293 33519 51548 22286 92768 14390 32606 77721 25026 79480 77155 96224 51573 
73745 37108 64485 30402 64229 50774 47128 95564 41591 40558 45244 48474 10680 70414 48636 4411 77985 16907 46918 34102 21450 93765 84803 83923 12874 31072 27296 35275 97378 11014 
62537 27761 38372 63410 75812 50862 95028 37440 24029 93659 62415 11806 70504 60650 26638 69622 53713 15053 59780 22566 35945 93451 83330 99589 86150 56149 40158 2818 44331 63606 
69851 14953 63293 94923 77965 23097 39578 9922 53831 35107 28953 67192 74706 13301 7948 24124 88032 69699 93379 32206 19459 3982 60379 19893 20084 87744 64545 3432 83264 60586 
63425 19846 89167 17930 80633 85216 46663 37857 19270 37923 38790 93825 52347 4395 86442 8900 62570 65024 86354 13844 7106 76668 97961 64008 99075 59692 6599 88218 10809 31547 
31431 17302 5984 13468 76319 95535 83770 34715 67890 49366 62709 92889 1714 27148 11078 52496 20915 20116 83454 25527 18294 41030 75257 80810 27087 29736 14438 86625 43724 49678 
96104 7605 28562 89967 56023 12621 5378 1932 33842 96029 39556 58757 98540 11616 86080 24640 12716 18980 69590 88096 19505 34020 67017 78380 81471 33304 60072 79854 25079 33549 
55611 3496 87964 37269 6998 9582 87313 17360 86651 11610 97251 75880 37739 99137 50351 92361 97666 55937 41795 93752 60095 17412 97596 28378 7489 75151 92535 86978 78103 48528 
26189 38066 98970 23191 88924 42619 5148 88973 46197 46267 57516 36231 93522 44725 16534 91967 34183 58882 11387 10269 69892 21164 11609 24525 27278 1697 11152 21280 39120 71833 
97228 63982 1856 84585 45453 12652 63766 73047 250 17282 93096 29771 72687 40125 18984 9103 62752 63153 39878 33680 8976 64360 55733 91248 32600 10517 68315 29454 3627 38334 
68187 43465 77495 96574 42845 57950 94243 57257 54668 39088 99430 4844 26328 40881 73928 4053 98422 60696 772 77336 93069 63967 14584 10022 32201 97428 15590 23973 44839 26561 
88821 11477 85820 30878 96590 91238 34817 77163 89130 33390 22362 45488 23001 58167 89843 92250 59481 79281 51868 49682 45953 23616 11931 12375 8870 22099 27993 60001 14878 8175 
74878 19038 20832 80511 79011 388 41608 86770 25530 74200 19781 66945 19216 82124 24623 88414 58843 99621 69891 40435 10558 14462 25809 68666 98886 26090 47554 24026 84117 91079 
40393 9832 35290 60842 7511 84557 23788 39873 44363 88345 20404 83047 86838 34152 28329 3771 8629 69017 94155 24008 32145 48269 92335 1827 65644 21298 64670 2120 52491 95610 
75956 39090 59275 73004 13959 59003 83172 7151 9883 18961 58925 40279 55161 39373 46031 28405 18110 35215 82549 15468 54433 637 54609 71149 21674 66044 14616 65488 49363 54131 
80661 49537 70375 59808 49341 56662 25150 10615 24968 80123 57071 77910 25462 77227 5199 79695 69043 80034 4090 93794 25229 13301 12295 14320 19197 27626 19270 53773 72902 75800 
65012 62310 42719 70011 42846 59813 14581 99707 23954 32467 19632 71753 2150 29670 39025 81928 39789 43673 64141 88347 97025 92343 37419 38176 40206 88342 70793 79182 20134 67885 
83310 56840 39235 70285 22649 31868 16638 11926 74230 96515 91796 36175 32129 46548 81587 85132 43159 72689 16498 85504 15735 72801 70962 6106 428 31941 34118 84555 80903 22432 
74299 85357 34484 68060 20468 16768 51921 71208 37829 32401 73709 50820 56522 1631 93861 8634 90776 96165 96000 99893 10630 34602 21804 5881 85039 1237 81094 60300 17576 19318 
78419 35029 90759 45938 86822 41026 51787 41211 38990 57450 96139 75727 66400 48080 96759 59174 7794 51847 98927 27368 98004 64176 39935 69 63912 33826 44876 66677 52069 57139 
60566 22778 80946 80978 5670 15342 94078 27003 93848 44610 12442 69083 64388 12497 88698 32271 70197 80974 45657 57917 57560 21782 38134 43219 2721 5548 64404 86928 43805 59222 
46033 40649 24524 71968 90035 28941 89200 24092 27040 59062 86208 49314 66297 50503 9738 62471 96567 14132 93848 68789 83122 4253 51665 46374 35594 41288 93349 43465 56954 9715 
83048 32730 85388 79080 13200 81036 1884 83994 91816 38766 17907 83253 2857 43158 86279 34922 64999 14838 21465 75518 59878 2397 98868 87875 828 22098 50132 51059 55473 1658 
66114 3386 97186 51781 81429 75009 41426 42780 55375 12184 75485 36831 7651 37133 69675 7854 2173 98697 5956 49625 46483 75414 28841 76940 82645 54792 29563 95323 37282 23116 
40546 79140 69700 4783 8570 45955 32735 61594 84088 12493 73350 78418 60616 78279 27743 47898 54443 62928 12733 16377 20427 75649 19976 30668 4674 4713 18301 26629 25149 67259 
13520 40534 23328 64563 33106 63685 2841 77383 72381 19353 20044 36214 77827 86784 82429 19906 32826 14743 52581 1241 70566 96027 67731 36719 30223 83127 35096 75327 83098 91229 
21368 8609 77706 60085 19595 87138 63078 72178 63356 75998 18120 2748 47952 70412 39444 37437 75549 36808 59290 35298 72781 22067 81394 77885 57623 75969 78830 94867 24910 3994 
14068 71312 30910 59349 47128 12036 18513 63922 54211 69764 44538 63488 19123 21278 17546 32987 20321 70109 81160 91391 83320 5711 23643 87602 86454 86614 57046 87227 26327 76465 
1833 66862 82231 50751 60265 22515 66519 4995 322 17724 15396 3757 84233 82794 28194 36605 3740 12298 13623 5754 97063 16493 97906 88430 87436 25339 44389 10051 48541 76606 
42310 66550 58218 16600 67380 89747 6716 25975 50166 28767 9237 7649 72828 24381 81874 13036 27990 62527 39481 8209 72342 15062 12494 39195 48622 26134 82754 86075 38353 81176 
58954 15846 26254 69641 68698 15489 11659 32005 93293 64927 66647 15458 83689 4362 7051 45179 86311 73058 26090 19903 21085 37197 17616 71594 45818 81481 57515 37325 6162 95149 
25789 17562 96533 2546 12583 25049 16220 85529 16113 99946 12179 83134 10269 74689 73077 1625 8545 11019 24675 61038 13266 20685 84199 65406 69870 61530 67742 69427 50506 65625 
76219 20494 84754 7630 80585 23857 39099 72796 50581 83080 94727 59360 57561 40149 16321 30311 35613 22311 32030 77045 4365 34986 2861 54527 74162 82384 58467 14414 44815 45943 
93617 14954 96627 98341 83764 3961 69411 32523 17215 21277 68433 38801 55220 9394 10125 66579 20328 95025 19778 52766 32849 46723 27175 43335 55542 22028 39564 26484 70846 30890 
32267 27140 77202 57572 76405 7116 61872 85862 23702 55342 88421 22530 23834 64457 16390 4438 47731 70501 42807 26633 43751 79329 78803 8322 41545 50620 44576 90596 2393 57860 
62911 90655 28199 87834 15197 74536 22348 94698 85759 36827 10922 74758 34909 48043 8031 9263 85620 6254 56446 39764 46076 92620 46927 90723 9065 39916 89277 16559 71261 98832 
73648 83994 73469 79651 79518 85470 77637 91835 79267 2494 93168 73192 94786 87302 10425 55672 809 82093 11386 32972 50776 2724 49031 92596 31950 14292 8304 78619 39470 48732 
72881 73801 11810 32251 7251 85629 82227 3589 10078 23986 60875 12797 23920 24032 53751 95645 25127 59377 94710 66245 53207 88678 5881 18269 18809 84148 73446 68571 4313 14015 
47301 70074 15055 95292 20707 45862 67388 87586 60663 1141 87793 3588 7491 22640 56053 84829 13359 61629 66369 66190 91583 28923 74395 79472 89366 87692 30574 43821 8783 11141 
940 8558 28605 90057 18878 5297 91198 41200 7529 20437 20810 36910 8850 24373 6568 33692 34178 33505 99070 45012 74275 58569 32061 67445 26215 70814 8197 50418 61476 95451 
99630 84231 68613 74042 43291 5626 75390 11333 36092 54207 41482 54494 93931 82916 29168 51170 2990 29863 93314 11180 33800 37380 8394 73404 91319 42655 53413 19046 45100 87142 
23079 52870 70662 7803 39903 21559 32775 87744 34167 36833 31209 14622 17008 23858 4750 88367 19667 2405 39259 84986 78195 92455 26041 83422 57544 94704 52402 16219 60403 49241 
65561 52678 60403 93416 82416 42591 91895 35676 95405 46322 70621 30985 29900 54247 39065 64206 30923 8661 66945 61303 81264 55832 28603 57437 23931 41505 61500 40670 41148 17053 
11364 27618 60992 9253 83947 70242 73614 19590 73436 56926 62926 64191 46772 54685 74031 58127 5435 17085 39472 18072 46870 55544 84041 22372 77040 63502 67727 94704 31958 48997 
42510 32820 11062 31345 6025 10823 43343 67001 2590 50073 23091 59753 26863 49766 27312 69428 64248 71763 57105 74769 98397 14814 66075 66097 4156 44343 93162 93340 73400 53931 
97228 54074 25261 97743 38872 5129 83800 23153 33494 34955 30520 35826 2783 10520 38482 32913 82106 80925 41890 53449 37722 71260 51973 98122 65563 90655 7900 58186 13119 68928 
67994 27226 18234 95366 67738 75088 32562 37274 17101 8509 79148 29002 53297 37010 27513 74490 11035 35962 54534 96206 29011 70678 43528 86565 99060 44105 55517 58055 99787 3976 
36357 81146 35166 47680 2193 13411 68382 11690 51936 77181 849 44469 3566 15500 41364 63336 91039 77080 96067 76327 19790 26844 78619 70393 80137 13567 50910 81110 31769 21365 
43492 15318 59356 90188 66846 71472 59011 60627 13834 74717 11274 34070 93014 39293 77602 81656 45048 42799 17157 26936 35942 93906 53129 32267 46458 59489 77135 79613 60746 16091 
35662 65242 41046 50649 31451 59736 30881 53190 77378 27146 20720 5142 83732 45888 4685 69947 54079 94602 87931 17184 75178 61044 74980 63063 79481 26297 16349 91978 99868 64526 
22014 66392 41372 26951 3373 38019 26863 78676 97682 85460 95748 93356 58634 46117 16949 24999 54162 71877 41670 97440 93162 66718 53344 60912 27611 90294 32231 59868 87312 8915 
54870 58710 36406 3998 52667 33493 83609 69547 54680 22674 22873 29432 42090 99847 97116 96991 58310 87946 83831 37531 23906 6380 90229 7442 25414 7711 72038 29879 94926 67433 
77904 44119 3096 89437 67422 62766 22286 54938 50624 33505 50432 15632 61740 77873 18717 46007 82326 240 44319 58106 55048 1424 78700 45812 71443 43121 68038 61900 26655 78120 
92562 71100 80327 5516 54810 30971 5060 37847 99789 57740 62893 44043 72557 64490 86850 6065 48089 79829 28579 82806 5878 12738 9864 68486 46887 93018 69244 66047 49673 99289 
73798 26309 18248 22084 90001 36811 13197 89597 5626 61155 38795 46702 88776 67303 41854 95360 53360 72695 23345 57837 12006 47669 74693 46913 77035 58405 19027 69967 78803 21208 
88726 71454 5778 68701 74081 54779 32407 69091 8041 5031 55457 19696 57391 20155 11755 70317 41024 64192 3184 49181 13282 73023 46974 17205 19288 64868 49298 21864 19499 39708 
91971 18157 46555 242 88140 56961 16771 36347 49919 43439 81776 63670 89953 90637 63926 91054 79611 64713 7354 26874 60479 81358 69264 14474 49620 86900 46568 40706 28501 9060 
38156 43906 4783 52803 67524 95811 52933 30147 59450 90881 94865 2592 10850 62561 26009 38670 83701 20123 6613 20138 86950 15235 80211 19128 22883 2041 2366 17507 62400 549 
70553 55028 85589 85324 84455 30869 95604 21464 51704 98051 27948 1821 62602 24102 90430 39894 10968 65830 55396 60641 74922 76442 6257 84914 74351 74339 80349 73525 6080 19327 
11136 34746 34206 41315 79718 92304 63126 79741 1327 70310 25669 46740 16314 95394 94278 2519 45091 63939 3011 94423 40006 28336 39875 55357 38960 4105 84975 22556 17257 99347 
86749 30099 12492 86316 899 88377 3128 80814 66005 23419 71383 19281 28938 29475 55875 56277 60143 68697 32632 34866 40087 66100 69531 99912 12266 5829 56520 49020 19460 98850 
39481 34836 29994 92259 68159 17613 13075 19206 59187 29753 74793 33149 18905 69652 644 18286 20223 52516 9451 22617 20642 99036 56716 61399 40554 74517 8930 23417 26768 96160 
71115 22952 31314 31037 63389 40083 2339 45368 87273 8794 783 83715 14529 54044 56802 77299 46658 93284 21476 81843 6323 28050 22210 42597 49295 3148 71551 19219 23695 8994 
20343 93568 34661 48610 98810 61758 99803 78395 74359 98367 45014 65575 51484 78186 56302 8998 26389 67786 45189 34480 91392 48869 78031 15261 24739 90059 50326 98275 56240 84113 
64652 53084 94436 91341 75956 23976 44716 18594 70378 35622 55058 71668 48623 53423 32781 55596 90196 22816 30214 12448 75012 65147 71522 5359 7083 29107 84402 62287 57516 4833 
64778 59484 86745 41691 52077 80409 43748 63798 31021 19011 78541 6070 62982 52816 94988 69283 13923 40504 18893 37829 19062 5712 49045 21947 74561 94656 46689 81490 77258 18814 
50139 96887 18766 56944 68586 96243 56624 88119 2357 69688 49730 85805 33958 64099 82741 50392 43862 50172 78660 16203 23291 39267 76197 93745 44430 63563 89057 34267 7613 22575 
29903 23021 26820 16718 33405 22983 16873 24471 81920 45163 22054 58129 97521 5603 89046 49151 13012 61658 93329 42491 21526 61565 5720 58211 15625 9366 83221 95599 97379 59946 
43594 6438 91901 15002 79827 26565 95346 74768 83921 41328 89019 45728 66900 90926 98645 3221 30536 8685 65224 41639 76218 88714 19580 8697 12770 84876 84034 89860 3817 28626 
57878 98432 18610 27754 31505 24602 27911 24692 52375 60816 25417 61374 9750 50586 47734 56726 71431 84801 98464 84448 90201 17582 36302 87982 20085 3345 44766 94363 18263 36419 
21380 29812 24115 108 71298 86997 19826 66383 12754 36328 94177 57520 17180 2818 35455 70835 6908 68300 20318 91149 75743 87921 26724 20472 30643 31161 87354 73556 25854 38748 
19211 18152 67879 91006 6174 99860 94517 93358 71151 38577 87469 36844 39787 72810 85607 41126 92522 77873 27302 30306 14724 71180 47557 50823 22172 49408 22234 79227 94067 43176 
18212 33496 30394 85279 23323 9127 81117 7325 89853 61502 89928 87220 6569 28397 92472 11065 52642 64237 63573 25272 52248 2898 38219 95599 93778 50377 41677 70405 81847 97413 
76438 21721 56071 97181 33740 81639 80333 77868 3032 13407 89603 89985 832 11795 12765 65994 48773 12024 80385 44035 1358 58165 65975 34025 18577 88969 41733 50214 15874 40193 
13145 924 20810 48588 74254 50065 48103 42820 9227 59228 11810 50501 87518 26652 30789 35871 27245 31308 52869 15174 96348 40038 42691 18665 8236 36829 71700 65094 44927 45734 
67651 2831 33834 14400 36920 5851 73033 81982 67252 73491 49805 53079 45028 5431 1522 34127 19633 9169 14451 94306 49733 24184 99524 103 80961 91182 60819 82389 72854 24479 
80621 2731 19007 92065 94651 60670 36088 44122 72850 35247 61573 19874 68607 72220 53601 26969 53104 3502 64384 38532 18755 53883 95119 13141 66685 5346 87588 66603 19840 16631 
22377 76848 86724 86102 82401 50352 50938 18171 80905 59721 21622 78496 54931 66357 8399 26858 43327 92890 74135 76367 30691 60440 73391 71481 82783 99495 44403 62314 49150 49056 
88232 52383 23710 12518 63896 41840 81702 51130 94422 22058 17624 14264 88786 28268 76279 15179 36010 3372 71150 68303 60955 56944 17371 23598 4079 50489 41516 25852 7462 89169 
63768 83537 89622 91765 78165 6445 67898 40749 40509 16584 92332 1517 26308 16700 23625 8684 83103 8659 98714 71372 16864 93735 44356 45668 80979 1094 36649 99388 20164 32665 
78406 37817 87582 60352 57177 42927 10934 78791 85839 86655 58946 36376 93216 154 88997 47944 12606 89920 74785 2454 52010 94681 92910 54318 46547 7323 72030 31519 65459 3964 
75613 3741 76414 91299 66088 42201 42123 65874 99870 98260 38088 53598 65077 24650 79247 23614 82981 14817 59529 88711 94097 58984 25169 41267 90381 52910 68456 31987 5913 39492 
16011 43735 8046 73457 61783 58606 59851 59944 47152 53611 74848 75645 9922 4522 5902 4658 8901 2539 79412 15282 99870 12453 69766 70517 10144 21282 27345 68434 32537 87584 
31053 72501 71230 62971 26165 43628 82793 19872 67178 33256 29217 84855 89317 19955 3020 69632 65 61049 95535 88596 26272 78329 13352 29346 72874 36457 84424 72705 78479 75848 
21457 8947 78054 6226 42977 56140 25760 86591 26454 15888 12251 14292 57875 25646 10949 47239 74595 4480 71498 72665 97204 20832 27068 62973 21967 1817 25047 35742 86300 6329 
55978 60281 4690 92670 2824 81253 39779 98372 22416 51642 47250 87348 35476 76588 44958 27092 41372 78595 18632 81880 6507 43167 77002 55642 9335 59219 81199 63432 61758 62222 
55949 83536 16027 38370 60173 7903 76301 29237 43276 57235 90113 66685 75678 3240 15598 78583 14001 47885 5057 88638 349 38332 79783 45477 25292 76197 32192 27865 79091 69822 
19198 9372 47573 65716 96034 98939 47520 2092 97858 84756 57125 80160 44045 43938 70391 73212 63311 90519 60514 63712 15123 39236 14559 53074 49182 30417 42848 40908 14023 10633 
46510 83494 25310 1189 20941 93982 33028 40246 91597 93513 26547 84387 56302 93778 56269 98349 56899 20725 91341 14882 8772 68214 79248 47081 9981 741 33142 29119 94782 90725 
37285 88106 78999 80956 80846 46690 78580 25049 39541 82201 6683 97752 39710 77815 12083 50658 50813 90496 73775 84624 98174 45352 80587 88710 52430 14172 82779 47395 84353 30360 
79714 92376 71623 20344 9515 41673 29513 99649 36345 6636 7276 49000 9516 332 56919 81068 48244 27769 9611 11261 32274 16636 69777 1352 64367 27450 35831 28344 621 97915 
43788 56446 4087 6989 41658 69260 71323 90867 97861 82516 95209 9387 47206 61964 26470 50022 76291 40756 86070 25484 76025 27147 82904 72538 48982 8549 47494 31070 38265 13077 
90426 64188 20310 16986 95610 921 60398 26233 29439 94960 21081 47583 91833 54638 13607 53497 14858 66498 5609 91495 62301 22916 81602 1871 88141 88914 81969 68619 22587 61079 
93650 73213 54848 43616 99694 18470 60037 56718 80329 65206 53446 77402 84770 48821 48081 29261 1762 83235 45544 69704 73685 47334 46662 93244 87739 76330 52871 98261 80968 17867 
46897 13717 92639 60181 20433 34371 13195 16611 20914 78847 44049 31930 70454 79887 35049 99700 46524 29189 89386 15166 64098 94367 83777 31287 20046 59869 70462 83708 1155 23396 
84976 77903 95413 64584 24856 97701 2328 76667 65630 59685 87794 85778 19436 94630 13300 20867 81163 94675 83838 64353 67639 18833 30963 97830 52402 37988 47249 22069 60150 10707 
71726 81666 14238 44073 1744 67517 95229 22382 53916 95852 22595 61144 64301 51376 30433 50597 4169 90501 22388 22419 53403 43889 6352 98710 17943 67058 28704 57027 29338 43128 
41887 24686 78532 64240 63367 1091 1398 26315 78596 62350 70766 34812 2092 67431 80210 8750 47662 6585 16217 14100 39913 90030 21012 57625 24395 50367 84698 87676 53894 44812 
89561 53010 27273 94421 75822 3838 88299 73461 1233 53316 7377 64530 14941 3238 82347 36284 4387 68076 34080 39044 44632 2466 67229 64414 99351 40993 65965 16706 61838 6305 
97737 30265 37586 26627 13595 1550 1131 47450 39075 57162 78138 15610 47573 50529 65189 49230 47347 87780 94504 29982 78958 22620 71753 4317 58024 9379 18201 23739 63826 38012 
26731 95777 80570 90916 96186 78102 6432 87147 12612 25294 86353 42415 55239 21279 3137 79463 10356 88420 46018 16181 81316 87679 28466 79929 2498 21030 19745 48526 98348 15825 
96900 38526 76777 35329 81642 9480 41081 58681 35756 48087 47800 90990 98436 10987 62337 51204 44070 98248 62610 32551 50722 63202 9108 24442 37417 33137 25458 1166 53617 41329 
30014 4365 42096 15561 95590 24412 25425 17831 3987 58363 58468 4495 79304 86686 89395 23407 33693 16926 90083 6312 26994 75837 41606 85608 41986 14791 57153 77016 49605 97385 
13553 52167 42523 41363 82116 4135 14652 34104 78961 25141 31943 86272 87114 1778 58196 59574 46815 86873 29636 91480 667 88919 85058 4021 13251 78714 57211 1329 34080 54829 
74930 25660 7854 38903 78372 82329 81315 59356 13370 40819 89062 28999 12115 93233 97041 72179 21739 95558 41092 71336 60880 65540 10730 42195 74642 85712 55429 2199 10498 91661 
19802 92016 64480 39416 7284 24041 93705 29652 23498 59754 40598 88431 19463 71615 40375 43200 5974 5962 20981 30494 61901 25515 72567 96737 54786 42577 33902 79572 78077 53920 
4086 25813 64734 98250 97959 92808 21915 76081 23037 68253 94107 40367 84099 76158 35754 65849 62186 41632 11128 20354 9199 18698 90599 22893 81839 53294 23654 42219 92772 12560 
53773 89750 66836 9544 5067 93797 76374 25325 78400 41246 2892 91199 21999 77211 33818 29050 22681 36133 65244 31293 74693 71467 90579 89404 5029 94087 45314 83175 27225 25474 
90157 24594 54616 33219 32837 22093 2315 31996 60199 27624 43013 47632 65018 5337 62924 90192 56218 77597 10125 68967 87067 88031 33948 45252 97565 87815 9279 57575 37226 28561 
56834 77050 4398 1502 58836 17271 84591 45744 63940 10139 24210 99469 1603 42489 44208 14729 77326 63544 71788 12688 25248 11605 55840 27544 70148 1811 58222 43971 2594 27557 
57377 92814 33031 32046 89608 21166 1340 10729 51838 56430 3436 41117 91495 90834 23732 16891 93143 61439 27085 17914 86216 49398 2479 12913 99672 95925 88246 39412 79925 81923 
86970 91246 8485 33141 27280 10380 41236 23028 93051 81945 3788 38220 99056 70515 66627 5761 28086 88449 29369 83382 95575 44882 55925 95937 77508 43084 14428 7331 29114 74089 
20693 26728 75211 4590 98670 38084 22034 68131 98308 79541 7636 36488 9004 68227 15877 25120 56174 31352 78962 92452 8825 30999 93456 3143 81953 65033 71877 6877 99117 60048 
94569 41403 5410 59025 38168 65528 32595 30926 29653 26439 60602 58307 39286 62395 24130 47979 56266 20015 88593 93068 74237 44231 35065 12393 59398 84654 24610 15647 14214 46968 
24918 36246 83386 90926 4289 16978 12140 45147 83385 89402 8154 79892 67524 85284 45525 57564 51648 8687 70791 20981 48190 19355 81137 11490 19800 81112 30499 24506 83558 82808 
86105 47760 57187 73471 77996 41558 29244 99290 362 96218 96220 96580 46260 19789 48036 32441 1224 40173 32124 67940 67703 70471 96277 57978 86525 89821 60145 35310 88852 44766 
64796 14329 61801 8007 99283 98841 95040 52543 33798 94345 91660 52681 90772 95796 47459 42529 87146 77262 97391 75731 84196 34277 82553 44876 5511 16998 27550 31911 76192 27959 
22515 67127 751 85288 23733 33781 83682 64989 79289 41728 37668 5398 52544 38369 92737 9568 2445 89869 26260 1806 9696 34033 15835 98441 44891 92344 21785 15564 42782 58266 
2021 60870 90296 13697 83284 39774 31704 23642 59434 95294 98275 128 43269 99556 82811 1613 56708 55558 73250 16306 14685 45624 11079 9610 53287 32904 16651 25426 96640 50027 
4418 61155 17297 1768 84483 54631 52727 19825 66409 37439 41557 20804 63229 84498 69402 65858 44963 88916 77030 7762 89642 26087 55837 95917 45478 15134 2018 29053 26789 95284 
63008 68262 55241 42832 49097 24091 12697 38706 46650 98157 98601 21421 56821 44006 45382 55933 5247 33159 27872 44255 18707 77326 54828 73800 21479 77332 3933 88540 48131 30866 
12204 81724 77134 91142 12820 48053 71431 26159 1712 43711 86722 47263 56208 42594 59626 53684 17307 7642 77622 87652 75323 50057 93734 28386 37872 92221 74287 64723 7624 52357 
91053 59001 68722 33201 89655 14297 58855 89026 29644 52269 49130 91550 28076 69217 27353 11361 93613 69374 30772 59100 81158 81964 99160 74206 29209 58894 80935 2124 5779 20013 
19763 57371 6443 64147 12334 96359 72661 44944 99916 98939 20401 60457 56727 14596 7044 5449 94392 48969 8247 35129 35510 25141 62496 25975 71908 81723 48872 28775 44224 95142 
82643 42379 57688 23655 86566 44761 16470 74902 23667 16114 66275 28800 86318 83250 66483 50333 36590 2545 36187 23811 91718 6083 9703 26306 45144 82448 89445 35564 62293 24016 
48995 83358 64382 38334 40908 27396 17905 92359 44013 14133 86315 42661 68840 37431 68322 50454 34698 21799 91178 74789 89948 52410 46323 41382 55832 3325 39651 46502 92576 31882 
58324 46105 40604 34979 68666 91495 39389 8246 50276 97755 89843 81851 71518 46496 50094 59982 11067 74737 40553 55103 18121 76273 58363 62108 90799 24324 86797 71789 76930 45540 
20401 62651 46504 75478 52508 96036 95265 16344 42827 32012 86852 53964 93220 14991 59557 56761 12848 81756 54557 75890 78038 49235 88807 12249 88682 51832 3318 84423 47169 12195 
98564 90068 53680 74312 56738 45473 26640 36695 92075 63509 62950 45349 58905 26697 58620 58732 59417 74143 66079 21589 93477 16832 55713 3777 25804 82461 11934 33430 63811 19516 
33528 35701 70860 48963 17585 45648 80955 21629 1868 62756 98204 1481 38357 41628 71823 88644 5038 58156 7882 21009 44014 62053 64486 74173 33409 96697 5944 21629 1401 62251 
40850 29659 83425 99828 58476 38971 65665 56710 25632 89375 91218 69084 85642 94248 22746 81909 5258 44851 63820 71006 67893 32010 79316 39361 35859 47965 94224 884 49028 22237 
38537 55502 35822 63483 53568 17278 18968 21905 84861 83617 93534 40795 2917 77482 1870 65252 9100 15833 86028 73016 82849 9034 22218 85965 22042 99354 71173 55744 27779 2904 
61177 42011 85827 15538 60380 16751 60518 46899 42731 40696 21380 57938 7307 66928 16954 684 60553 83543 57549 66783 11903 54127 39127 12620 70328 93912 31530 33373 79331 66764 
60634 18710 28346 29824 70882 84451 13916 70954 2663 12301 18326 76306 45297 80775 60777 32111 36032 85425 29517 13853 74462 13610 24695 73282 1530 71545 30635 91383 23319 57624 
78055 53824 97432 65411 201 84811 50350 72231 98645 54203 50013 1936 14423 11088 35378 52703 38481 79453 77149 41998 85894 14745 28602 19238 89912 59189 38546 95829 72163 18708 
22619 14626 4091 9347 49048 1188 24754 77634 901 46819 80805 42773 87692 62522 12128 70531 98908 44483 68401 22204 43427 45982 42654 55446 94555 6014 6105 72859 23570 909 
19986 72466 18278 55767 80450 87774 77876 46526 7247 22634 74293 79886 29827 13213 30302 5968 92304 36904 13521 85274 38125 25293 55383 94261 91571 51621 72612 55182 12909 34025 
1613 84207 15428 93970 16572 62658 53632 99476 12393 28647 53687 14745 17297 18340 83109 63630 74284 82961 54448 98273 87827 56792 98560 77188 38651 54253 93751 52538 94282 25616 
44307 25993 99636 85214 87601 62819 27061 8001 78792 26180 32777 14699 49964 57749 61951 46412 22716 63362 91965 1679 24703 1889 96383 800 84521 38896 81841 9748 13967 29913 
91129 72827 67296 98776 99532 2512 3797 27916 42617 53959 56744 16478 32061 97906 33013 87457 24606 33877 67611 1932 40255 61696 11688 94615 71242 49521 23777 26779 1707 56619 
61192 85884 80470 31110 71240 12687 99614 99220 92367 39399 82556 52052 72982 56771 37040 31527 41738 79783 19325 64229 90653 98188 78140 96338 30248 4314 30847 34068 47493 99023 
56664 27561 41448 23219 29640 101 76777 61915 84063 5693 18435 30694 6726 51548 62809 60567 45347 62345 85999 71952 44890 19286 50205 96498 72713 48541 84937 43670 41064 59153 
36234 2114 92786 15524 86114 45586 12616 44797 73899 20375 55981 87470 73123 3236 13035 2299 73058 34515 18547 59442 62610 36603 32840 73301 22659 98302 40628 33108 87674 21075 
11988 2849 4815 67976 97640 20359 39134 98523 79570 97161 31880 2215 58874 5202 80553 21337 65307 57107 89144 28844 39171 12067 352 90620 10788 74963 60382 54689 68971 8039 
2763 22219 95868 37614 98860 24356 82843 98626 70008 82703 73032 6800 73223 57666 81322 34779 20464 98576 84164 88007 93437 57105 77358 18394 83622 41120 76422 96035 16194 52206 
70024 98015 94544 60828 22790 36309 65068 56239 76980 59854 40265 79311 25526 77805 58966 99298 86237 19217 83113 78450 72166 36145 12676 15829 67317 16745 87503 826 94790 80895 
85654 39091 38427 19919 50782 47343 14918 10152 24231 91456 18347 86895 35894 58241 10028 61717 17591 32096 3667 20263 60116 57851 16372 24155 42268 78168 68628 59374 89714 35882 
81010 76013 2912 46085 95020 3 23151 27198 38923 14307 81265 89372 9424 86598 6239 25026 6673 75332 77264 73858 42133 64301 18983 37340 46708 46580 66280 43308 93944 71160 
95723 41725 90009 84967 32902 6812 23789 65721 11476 49929 19659 25734 57665 16130 41861 21985 15992 11231 12925 7528 10190 42550 39352 53816 664 4192 57989 65468 7234 66529 
17616 65041 26273 21450 7338 94606 22475 77816 79788 78284 56183 55812 93881 1943 87624 74696 74410 88450 5494 1193 78933 72738 28639 47827 44082 74840 9471 32893 56203 64216 
88668 37825 49715 10418 74316 19418 87671 50066 17052 8610 25465 53489 69791 91189 5883 26740 77941 70654 40778 58958 5751 9643 10930 7099 309 46476 28639 6788 38221 83446 
12315 91150 99099 29523 41977 86682 94857 91710 13235 94497 43143 85346 75884 70448 21760 60853 69510 25188 62209 5127 675 85947 13776 46067 19502 66277 47403 11330 40485 49453 
69809 92541 61773 70147 65325 65892 39369 51675 34373 7191 61239 3839 35980 75209 96990 77378 33024 25196 13849 50038 51327 76375 92147 71545 34149 42528 32196 42479 37397 99783 
98682 79697 20651 17511 19081 30154 62742 802 37672 54708 89676 77886 67921 69869 86807 32653 21310 37192 50407 5163 47126 30551 54355 21278 31190 86662 31233 32614 99497 43308 
38169 90892 97553 35815 52918 72655 38107 79442 84594 244 2146 84347 53451 40000 40837 12807 72942 71209 60921 40936 64359 7287 37925 46391 22713 92287 82718 20292 83389 36093 
36372 50965 59417 12655 68300 15436 97222 14883 43142 10845 80858 4194 61207 54806 29580 16958 3906 73243 20952 4990 5372 10228 68532 37327 28463 58719 26695 31606 309 81160 
5996 31724 36230 23509 34870 34826 37880 74847 29798 37396 42992 68608 11346 67588 33073 82478 41717 74360 77788 10701 73619 83204 29040 6529 71576 160 86987 32231 39467 47158 
12512 94327 56864 99344 59695 65387 71927 19600 74186 87844 90456 37691 11320 88286 37560 3610 23268 98222 67424 10303 91341 49898 47296 1813 82320 20248 97531 65547 21682 29391 
64935 54279 35400 46166 7108 93428 59756 96823 11029 52255 3340 81417 20071 40989 22239 40326 63394 72679 34672 90956 60957 13318 1574 29609 17259 84736 82526 69843 99698 7975 
65743 36180 96760 67232 32794 40798 29113 92532 6828 83934 95099 46740 19668 23860 99142 73219 2941 73359 74357 76187 12618 65505 55967 50786 85510 27929 45825 48457 27407 7382 
43056 21037 52798 87949 87650 41780 12241 37365 96319 76180 93193 41580 41636 57881 88539 15008 4482 28659 79910 77115 61106 1894 68007 74304 93319 10751 50171 18128 18523 14273 
36731 76234 50280 4306 52660 49766 36716 88606 81721 60981 57635 61311 84109 74209 30987 31897 28319 99329 24291 69654 50958 67456 84177 6558 23757 8541 24604 65985 91688 3013 
15011 88892 30754 86603 12111 81235 83132 63437 37414 44468 77748 26495 211 99164 30991 66582 79852 5883 24490 34039 44768 71510 34594 86082 36886 83785 25518 552 94848 26935 
53554 51819 78110 29472 14364 48758 53745 98701 37355 47970 69498 59731 18373 73111 90341 78701 36598 45170 85 50974 15347 34914 56824 43522 14276 6048 64278 78090 39716 97649 
89619 17034 83722 58189 23571 94319 77110 72985 34690 98787 26187 53365 28653 26593 26147 11665 19425 47825 43676 8400 39430 84479 2192 54684 86272 13503 77315 86788 48506 72215 
81340 30966 59705 17668 62911 14760 82731 75025 35840 67606 53668 2690 88142 56747 61726 83569 27493 32911 86982 85958 71699 42767 68984 83987 43537 99752 88116 51903 65560 7521 
52981 57079 82976 10046 77920 1309 81829 66673 55553 12467 10002 24197 67561 81138 9372 64978 65565 27321 31395 5901 39845 93963 9790 3776 99134 89486 65050 4449 95599 84052 
31245 2094 7107 69345 78131 57493 56176 30717 78274 28719 82151 22750 96128 47187 97015 95538 54222 49535 16141 18900 56316 94851 43979 87536 8870 43321 22679 24587 95956 41533 
37728 39802 72830 63349 26584 85719 78524 15132 61233 93022 38431 696 35656 66215 35190 17395 77691 28265 32944 84964 88219 37534 149 5578 2622 81927 39323 75446 6693 55169 
45388 91719 35135 29338 78759 24316 38619 13388 25362 27185 5659 65843 32393 5724 22494 17790 51534 23427 45029 99265 77645 57061 97399 6578 23687 66462 13473 89575 82708 10877 
49773 74223 11973 85311 93673 60095 93428 3073 72579 42270 98134 60914 99960 28521 22515 29745 82431 45401 53564 59386 48349 27336 19733 13330 23043 59814 99260 26920 19887 50728 
31417 68430 13511 57679 59990 43806 44794 1966 45493 92531 49532 85836 74331 74954 63111 14055 63772 36624 11632 28015 44567 36702 20313 26019 93308 3687 24797 39463 3553 61640 
36555 10226 99829 98961 97366 71893 80921 48607 39545 55047 26781 24044 52318 10579 83492 11124 47406 66425 57597 28943 53331 42619 96249 31039 37943 69694 98652 40512 39051 35966 
83363 67464 80977 33495 82710 86604 9690 12847 2172 86944 40692 43751 36668 61148 59059 88688 19720 87400 52352 97399 85263 16143 26034 52842 26874 69251 39617 56460 72254 41100 
95195 23336 17026 28361 46542 82270 30180 95429 57439 17084 10742 85131 7515 59098 524 83534 69531 13124 58894 62794 20772 82777 59955 7699 35775 82642 49084 20549 91989 67523 
82057 87453 62537 8845 98285 52899 20949 20051 61626 80856 3928 44017 90850 1139 93223 91811 65549 34427 37146 40552 43672 36951 98211 42991 27198 63203 33433 87539 12183 22337 
95265 73616 84395 80703 60914 89769 49002 9525 23315 71151 38911 26994 26799 33739 87051 47601 941 7161 43186 89912 47591 15526 79778 91220 20353 61004 81455 26335 79078 89 
71897 60250 10626 19492 99088 20289 54023 69610 34636 55609 39118 63186 46951 59040 7415 97593 9818 21077 43540 17437 24541 58162 96181 71087 88979 26712 32732 60252 6678 93761 
91985 16563 73478 10220 54600 1497 12593 42240 87351 84417 81378 23404 6867 43164 54339 71058 89111 92658 68245 74278 6499 11796 35661 46756 29814 96091 21938 5272 76973 17954 
85766 17091 70417 57510 11037 14616 30928 70456 46156 66408 49237 75242 49690 42354 29763 55725 35779 95597 82743 58373 44673 26171 24545 73822 21161 78093 94731 95474 25041 51333 
30316 26180 97854 58353 97205 10628 73905 62768 19006 94193 52811 2846 25034 52470 30919 46091 53611 59460 4855 60365 25909 26248 42241 60582 95665 40314 67363 34831 71121 77410 
41237 80232 821 9371 16235 85157 88080 98089 63006 20676 5523 29284 15011 64072 32389 82141 87172 730 96476 57916 62485 484 7207 16923 30130 22746 50579 55342 31396 114 
79627 93400 792 96398 95551 74845 42922 29129 62192 85788 56800 49556 84585 14547 19646 95147 36617 38163 31709 57558 53081 88323 4874 93004 30804 72476 26903 32114 781 6922 
80535 23620 95424 96161 97237 70557 3453 23470 17291 38646 58823 64886 70390 15411 28619 31623 95890 49325 5426 69469 31263 50125 6968 32522 63237 9528 33024 67417 5989 92586 
26817 3037 51704 12721 95943 68330 69447 32840 95915 15798 66469 35648 56926 93224 99353 52709 8198 61655 4400 12210 27354 11795 54029 76212 61963 11585 10783 32014 47408 93015 
21557 70349 9237 91993 81965 40063 38125 28555 63845 52036 40059 95781 28223 38928 88778 17608 95354 22221 95066 36257 88759 16892 31796 43407 26729 2899 70267 15027 41466 99493 
5482 28333 38325 97841 20064 19804 81503 79686 80233 42778 79240 98326 42167 19700 78326 90511 79925 9663 28311 81016 54416 30761 26460 2678 95033 56460 44215 16331 83726 51695 
87695 78549 90707 33128 60403 37169 53712 2067 61118 18297 11139 60075 9507 27758 90485 65457 50656 58532 23476 31495 62380 49778 67332 95758 91311 68304 96892 70467 91772 33575 
4314 56588 85637 97871 35122 78776 75059 86525 34050 18262 40155 96876 55959 93513 66552 11114 40549 48370 13523 99673 71287 86978 49873 44889 45527 60436 76008 10655 65857 2034 
25277 22116 19493 71062 50529 91768 67817 63158 21218 89226 34538 68082 94992 94211 9252 76766 59908 25858 5498 97950 78609 43426 58010 57092 20823 68237 9354 9667 55048 66535 
61491 89807 60310 66564 88366 76553 17991 17444 4212 96587 687 92881 10406 54273 35545 14457 97224 89993 25376 10836 92644 47522 29409 77442 87512 19544 39790 68107 93628 72695 
40161 40500 10682 74763 59840 3554 91559 51180 81148 22448 14278 78225 26190 63171 65581 98737 59143 71854 24819 50278 4912 51393 74315 82426 94231 22560 54904 7573 15268 3763 
23385 90665 764 47346 27860 74960 20540 21448 68187 85901 51855 8375 43768 34229 39712 12202 51756 43943 99977 15589 8824 37188 93191 46955 9170 43804 21950 96732 81552 57860 
81309 14321 63230 14407 1147 95240 70546 99693 6571 59380 58951 59692 88180 88832 93767 59265 55617 39677 96180 4091 72026 50686 2475 12527 74017 24920 32405 30017 2076 37521 
82063 76018 4697 2427 50243 75515 69102 8380 10422 47760 26741 65206 53211 97768 47992 85117 85275 23908 83410 68986 59810 27341 96557 43424 39276 10191 48925 99967 37359 62264 
30416 21960 21604 30326 57199 23538 23549 15322 26068 29038 41970 14508 57319 62655 40526 6275 49136 69418 52056 34889 80627 64888 7061 349 45236 77114 40341 44668 59294 94937 
50318 48710 90415 33386 81517 7857 24039 33390 34161 8590 23634 76687 55122 94284 88375 83758 36064 80873 10726 16967 26879 50385 18287 37457 43655 95647 84636 29271 38251 87124 
51759 22586 66493 35063 59923 47163 69822 14858 59339 92791 53836 83919 58540 63979 76177 86211 74444 41021 35782 48163 69886 90021 96522 76235 24419 60556 75845 14598 4026 99605 
25453 50311 82405 82574 75505 81098 99325 66959 52093 45465 15207 94553 44174 22571 69829 26043 86388 66149 20690 29208 82779 62301 94820 39080 11306 99327 19332 73917 66391 92325 
47076 25144 93734 95597 26333 95777 9126 32105 45169 30850 89160 28824 4942 80729 50445 71825 824 55629 91910 92532 57224 59527 258 14695 2518 14104 23170 60981 16724 93174 
21064 10266 94194 75964 80637 44302 81543 51156 5615 71220 91636 73061 94756 86777 83489 37501 97516 14404 52447 69577 4932 60494 73595 20831 68544 23649 23405 50127 74052 86174 
14891 14141 79294 16641 57600 8838 40438 7766 43502 90425 95365 89678 37168 86623 509 34882 1382 66512 1664 27095 31259 93142 26938 92770 23713 96044 25089 45538 21361 36235 
12986 5200 70115 87837 99244 49077 48100 37114 86032 45014 56622 88384 73655 95586 56191 53254 67347 7391 84800 62091 88508 78092 78247 14270 45493 19920 89187 83915 44515 84947 
56545 88998 95743 31404 99456 48719 90798 20877 71272 9031 86031 29272 27013 68670 74398 97662 62163 86959 1509 15590 17410 51043 44794 90352 83409 69993 65920 17793 80978 56832 
7692 4383 56896 84674 64494 97557 98389 14405 56996 5150 62168 51410 58634 50319 7122 36718 55856 73479 99244 82483 76214 13147 6217 56601 63804 42718 81540 56871 50731 2051 
20639 97208 13132 16194 57294 4192 83318 61870 19001 10641 64072 35811 52135 42205 81148 39241 2377 60929 30437 61559 75095 46229 90794 21678 22357 3469 30664 20056 68581 53478 
82634 89549 18868 4531 67553 83151 19484 7847 1842 49722 45200 95159 56590 39977 77814 47381 96329 10600 15718 10107 95784 19386 76390 86987 95780 88298 1043 49440 33104 95650 
52558 12306 99219 72755 4906 18881 92461 74178 5142 53254 38603 67231 79661 93829 53986 44198 9085 26752 32810 29425 50485 34720 3258 89622 48711 8786 49032 29811 78882 85142 
94039 97338 49374 76733 15055 81774 26313 63940 48548 43812 55128 35547 59687 63501 13915 83624 76394 22262 455 23144 33520 54753 42413 43332 75165 87638 1961 1733 17167 18543 
81118 38915 89057 49994 79648 1007 17508 17334 61588 66506 6214 90021 17718 88508 58999 38366 85830 35997 17821 69913 1091 80337 2124 88908 97153 32977 34632 86495 58804 55311 
28337 86352 48132 93026 38560 94233 72619 13374 85247 32404 30631 94651 50228 46710 72649 30597 70090 50736 3361 55520 48644 18595 98984 11627 50061 91582 11771 28205 94848 73568 
14242 67221 62913 45416 54061 60934 22232 95129 44886 71285 96683 44416 62783 86169 94470 87026 44492 55893 62746 90068 25397 27678 17626 45734 82547 76959 67859 13786 22703 72449 
190 31318 73375 62412 82414 52739 7991 73865 78540 7929 35708 64657 14837 72907 34093 83741 33429 59189 43450 66003 93142 78032 43454 23185 49098 10029 31161 16184 34090 16741 
67976 43766 97413 91913 75057 91515 59458 47987 51257 47409 67752 36335 32981 66399 63779 38960 96664 77495 57574 79729 15169 41060 22826 52214 84845 41513 78217 52193 52942 7666 
75635 8453 6017 69226 18415 32912 98590 4886 52562 56642 60522 49859 62609 98252 77451 69834 5978 776 73564 91127 35949 42782 20969 14631 43294 87941 33396 12513 33562 29920 
21609 44493 23600 83223 13717 97415 6558 27370 19578 48969 37538 80351 7643 25955 47732 68879 81230 25694 57158 28327 76472 67972 50049 90397 88061 48579 51274 70948 4651 68821 
34082 21164 58649 31534 43352 49073 10497 52709 41092 18789 25537 27837 35604 87777 73488 68164 35429 32271 30459 9389 18539 24501 15999 16008 20452 40165 98093 35903 9761 87018 
1475 48031 18139 47017 67650 78437 89567 83072 33707 68998 11683 86457 29512 42672 97724 93490 88926 31510 1331 36070 1915 50029 410 90730 13612 53789 39738 26844 13629 46975 
96084 71510 68844 70327 69342 74038 97152 57978 39943 65209 74847 80933 58304 90399 599 3857 82605 2029 26057 31555 51703 35424 76827 87718 6592 93065 4035 77374 81978 34071 
50731 20471 57853 14112 62578 24750 28801 62787 1661 94797 44316 87135 42401 11466 26003 54571 26731 55709 74508 11213 40096 77538 41703 85163 61337 25770 31393 44117 34558 48783 
30726 40251 78238 24777 44580 75575 77303 65752 40731 35010 64106 65434 55313 54402 83533 97654 63805 59170 25811 39156 61160 73452 21483 34860 24646 95796 76644 2037 50364 90936 
69142 18670 89163 11131 99024 5256 83389 83276 41588 79955 36032 43764 13004 43358 32819 39451 4398 71643 8519 17860 9064 47742 12653 61430 39077 31048 80728 92132 33436 72243 
38744 23054 34174 421 95532 31390 83567 6168 40212 70150 67483 68076 30004 65888 3480 27351 37676 93140 55012 46186 69986 72784 14792 99607 43981 94660 7022 99004 59890 14659 
69940 38385 80533 53723 41180 54586 89232 30121 53235 92834 20261 60213 86356 99210 75411 85953 65565 93747 75258 35193 53978 88313 30935 29971 31364 24062 13285 60222 71712 70938 
84315 49607 13994 75695 4332 60112 69373 87963 52905 94265 14343 57364 45170 11477 96231 78046 55296 74902 68198 35451 29929 25196 35732 97969 77114 48577 29762 3538 9657 19447 
8319 50244 15110 73037 98000 34082 15095 55394 53960 20513 53910 69881 55943 1836 2253 88328 19239 22109 40222 97282 1639 98491 10579 84434 33367 16392 42260 33993 573 70423 
81047 78195 67271 53923 6646 84262 1427 2016 29734 44512 67726 42403 48162 89143 22709 33561 86753 10588 36910 38933 12957 55034 88430 4387 4510 55676 68309 14538 354 7868 
35295 87449 1586 4823 84526 84509 44472 81905 83438 30362 99368 22019 20347 57836 25116 70011 90557 4474 4311 16968 8683 58391 63931 50303 90455 12218 87294 29683 29027 56646 
77712 80556 94842 82015 18962 73665 4505 19314 90309 72244 559 49698 72412 87864 15835 51525 56907 36304 50824 6829 62212 36426 61742 19535 69415 75561 55180 17269 77012 975 
26845 24121 17920 20502 40569 4609 54555 7755 6716 19 54565 63609 67349 68552 52608 20970 30843 94734 12135 94551 95019 57717 42790 24705 62984 74003 27550 1591 10681 74474 
45621 36856 49576 98106 58497 52335 42544 89496 17304 44152 39836 34765 54788 25183 22440 55666 95206 16318 66443 82687 60563 12348 76837 35797 31664 53947 17499 48386 15472 50864 
79310 88665 67675 22758 83019 47945 61455 18129 38348 52765 15557 13318 13629 40305 45700 43780 68834 71364 33773 40062 98692 88359 71527 19145 98219 39697 56851 54099 35887 75798 
20658 61540 57833 50610 62244 8390 99294 59403 89940 41011 32170 62206 93174 60139 54185 92843 89000 4106 55862 44733 26826 62455 25497 89191 10169 31470 20639 65563 41336 41468 
88512 64262 20129 64328 39780 40953 51366 40867 12682 96626 20886 1068 65772 77508 44820 84785 95384 11252 44716 85907 91007 30148 60243 17960 632 7068 13481 94413 89021 20381 
18214 72597 98671 51828 26302 82663 77989 65963 55326 26105 93726 30358 69572 70465 87028 68442 35082 69101 42433 62488 71521 1670 47639 22791 21145 1310 39515 43414 84932 12326 
91051 82345 31235 77423 36465 62156 95882 38529 27381 1199 82079 28568 9299 69241 54042 6535 63732 32214 26145 35982 56588 51924 81513 53394 63355 635 20138 15790 12055 7687 
44657 67671 45657 64117 48063 187 73749 40390 22006 87093 38035 44965 22080 12659 38920 85492 79356 31886 18097 24403 63875 68941 92307 14796 62480 92404 35723 29656 78548 27298 
85363 71370 16402 74197 2693 14196 38634 17065 90645 64565 90278 31254 27181 7796 70886 44544 14337 17640 45276 69016 32504 95690 89114 9922 21200 27541 81741 71174 78674 26515 
61503 8483 79983 47819 33601 57528 96133 32613 58370 26647 80879 83439 28227 5618 22408 12834 6663 22331 81807 78755 46070 18078 99773 48863 49292 80162 21968 13587 7324 20256 
73950 28580 32282 61982 93326 27525 50779 22808 63746 35076 63480 37456 25910 66299 6497 14422 97543 98389 93785 89843 13153 83246 53620 98354 92890 60549 3007 54146 45658 48815 
24445 78090 40912 26065 62996 75103 46936 20737 82391 91537 67975 61943 23875 62022 51939 46536 95306 31440 13244 56808 47209 48124 48321 42421 67057 81507 56409 59205 77422 4269 
7451 29483 22387 661 42794 91602 12205 60409 99146 7608 1809 27060 45992 14178 9727 61384 83944 92122 9084 61827 62541 37885 8527 19964 33268 53447 97530 19274 28089 6481 
38587 1002 83135 65413 2208 70962 70178 42781 22586 67975 35381 10877 26665 19101 57268 19577 14693 96378 41396 95028 52663 59608 56938 9311 36243 64491 78752 65826 68928 83079 
39692 6547 62844 49782 44583 39324 35234 29498 36177 61996 93243 94633 39702 75631 94492 44093 44357 94077 21861 50243 53167 27170 26979 22979 32950 15138 43763 18881 84941 43746 
68371 53746 17704 76092 26955 69168 29280 96509 36292 21390 75623 78194 13972 8766 21598 99627 38561 85089 27517 64729 19885 30062 98498 16993 77775 66925 22056 21938 78266 52978 
98866 79870 34855 649 51628 71095 12083 35830 94091 13794 13931 27339 4602 75906 33681 72853 33368 71909 98073 20687 61855 18489 35211 69422 57249 59604 95409 87282 65650 43772 
26478 26375 62841 26794 87103 58253 69712 60515 33274 38251 94764 93432 48075 34436 23991 84121 39407 17263 45771 4163 54167 92803 96757 80072 47767 54640 93977 70476 87287 55212 
18151 47877 15781 18068 89339 86678 94149 18215 26868 70369 96485 20898 66124 66520 54409 18467 52905 3854 75821 53650 25345 2769 92198 145 34447 56309 557 88684 13190 25090 
22411 84455 18627 48109 37006 99845 4093 3190 20941 4063 91306 99247 42464 99785 2424 73366 26897 71508 15857 66905 89644 54428 1587 37881 4886 49995 50605 28340 53373 65182 
59511 51871 98606 25245 80031 73889 91333 16941 59904 56754 99574 72200 29734 4713 80712 4078 20950 69249 65056 25012 14834 33854 12533 71755 73983 53821 76433 41907 39657 72691 
59677 87017 49790 23916 82075 59924 88866 73277 72410 27328 57837 83154 87293 9361 94105 82324 59958 74673 71772 74993 15695 88351 75828 17398 26411 27219 73235 20541 83150 36406 
16792 42153 30213 74868 73034 4385 12636 6280 18982 23056 1526 11032 10984 6596 32728 40296 94241 44531 63395 37969 48628 78202 86433 58707 11096 57205 36700 10307 61901 12673 
39717 65356 10095 40546 32764 85078 77468 91428 43868 5312 90152 40789 11136 66991 54196 26632 55014 70567 7172 23475 36284 20727 59482 66517 69632 19 82202 83340 68684 33330 
10328 9515 44618 99687 74094 78974 32604 25107 69584 89401 88521 45419 44396 34853 70861 4186 71713 43193 35070 51177 43550 86865 31778 71864 56521 77532 74059 71192 6466 36695 
19510 44183 73086 12608 56754 82290 56345 66096 96995 36564 71845 87036 16900 51826 55797 84556 13076 1141 88943 5050 6094 56895 78313 21006 73121 52146 40086 25368 68888 28117 
37287 26569 62603 63042 92545 69194 75945 45319 23188 31100 43083 17505 26871 47484 59713 84377 80695 68579 53302 34859 2488 61053 71956 78955 82948 82534 86923 15539 78825 48905 
49369 73944 65976 47166 2597 91244 81261 35320 41206 51898 7935 27060 81943 72694 87186 61322 33652 12396 79685 4771 60782 84086 28254 61644 85797 52005 72179 20514 51259 9733 
14228 72549 84487 14734 14498 385 95935 90073 3751 58347 66419 36976 29254 84015 24064 75419 40729 59657 72908 58587 49184 71872 75749 55308 22503 17919 92972 46094 51112 10261 
86280 5760 73880 99041 3437 83966 75588 37326 56971 88940 52487 91228 867 95535 42128 21645 66097 7750 89489 3150 68591 17812 81970 28235 82920 764 19767 11817 19514 81147 
42054 60015 33685 97442 94115 444 91210 31579 67971 33302 59349 89053 86016 76200 12152 21385 55533 37033 48149 32904 80655 50902 8344 21023 837 26957 22076 54835 84818 77562 
57445 82963 81666 32030 12239 21179 14712 8592 6047 59000 13854 43230 74920 53727 46284 70288 40367 81379 35436 68780 16313 72510 77072 21781 34116 58083 27910 49829 91218 90257 
95591 84598 91465 85323 81618 41865 30743 33 94887 97216 79926 51870 89248 50356 47890 58437 59982 17828 36339 93731 30062 23075 33887 46662 72371 2024 26215 93043 21160 54957 
96654 71471 43341 39016 57882 19542 32141 37065 2776 49572 83582 93591 6969 51870 39597 84930 3027 30825 50028 29295 74644 25572 32405 20766 41568 62540 26388 95771 73561 46019 
47948 42401 71542 79571 64282 33124 8727 50831 69958 79621 37780 63955 56143 18626 24927 36235 40957 51280 66386 2820 53150 27887 23407 48194 11975 67789 58414 22285 59277 47255 
84497 8533 60812 29068 19166 34288 53429 33304 73317 1516 87015 1906 52668 67541 54845 177 73016 2086 1397 68411 22569 56617 55557 52725 38207 18805 6695 14057 17920 42838 
85193 14277 16237 75874 47881 94997 60379 70452 29624 88343 54808 53995 56259 37857 11387 19920 8221 43120 8046 96531 53314 53277 63714 15515 63952 93060 47460 74051 93596 41832 
28315 24450 35891 83255 30302 8489 95647 34201 928 97549 26231 85489 7125 97424 84197 62949 98018 13256 98313 71282 87715 57843 99615 70218 23926 27476 56123 40407 53491 58965 
73154 25085 65204 33918 7260 10154 73629 91 65970 36881 82313 64727 80650 19350 53297 89460 43634 96619 4618 64133 77508 42299 2965 9860 57282 95019 55753 57889 55334 78039 
22570 59853 55860 927 1853 59326 39172 85212 54203 49761 83238 71297 1165 81185 52815 25919 46049 63003 4169 72989 5027 83672 36745 64147 47258 53593 33932 50287 86976 93085 
15938 76252 41478 93921 73167 94881 92590 64309 35298 44851 4337 63519 37647 23616 9778 4921 36919 27389 29799 80373 12082 69651 39074 46278 1278 19005 58660 79756 93705 10118 
2595 63889 11790 69059 70787 12565 78181 43412 73938 15058 52408 40473 40206 66607 6107 15923 80448 57193 11470 70952 73434 50141 66769 61024 70044 16451 85401 81397 89083 80167 
47817 50440 91968 15529 9279 54073 73898 35532 55453 35516 5881 92532 40543 2635 23775 18379 81667 42382 81905 79118 43991 77954 8884 38475 16279 6762 12596 21156 40525 38047 
28212 82881 93391 6030 82152 22448 91345 12708 91512 31211 26774 82530 2033 20103 3254 77960 5092 3345 24242 8603 42254 69585 90535 67159 42546 73287 41301 85523 21157 25213 
77478 68443 37129 5134 63237 24865 54698 80661 22619 31132 88269 8361 79348 34223 93484 60250 76633 35300 97373 23387 33552 44672 57205 57518 50821 53937 46304 20684 87823 61448 
4241 71455 88929 67754 98084 34338 22064 69491 77999 99535 83236 78432 54419 5461 86040 30740 96101 71151 55166 508 81239 40130 55675 12933 58551 22393 70427 22047 76923 15645 
6683 31996 62512 12672 9604 29011 11217 73849 15634 58530 98299 10942 93360 10776 78459 35802 1210 84515 43092 7964 23738 15395 58434 9617 30197 40085 71850 79792 96654 77421 
17627 81494 72016 56126 39426 33413 21275 29739 50183 58925 55066 70273 57790 71710 48126 66878 88587 12097 40213 46803 86913 78561 87189 15464 29619 96597 51060 29571 78470 93325 
81236 55949 31101 11754 26369 18447 28324 99854 26323 34544 57746 85285 61262 25369 10159 69812 48720 97643 3184 74149 46785 73358 47613 66842 48428 2789 94712 16344 53066 54895 
96675 51515 17620 50766 44120 19117 51060 96452 8330 51588 45925 14643 9509 38132 32516 9711 83871 83796 1451 76311 53514 72890 15673 23274 37395 27754 71907 56875 83789 54333 
29673 86624 49630 88642 69031 33294 19359 71969 17287 99162 24087 49783 48895 55008 48771 34125 12921 4149 96010 63384 85581 5075 95616 42016 9491 85723 91823 48779 18863 27463 
58563 69770 15707 73317 43659 1563 27435 82371 74568 35712 62822 60496 54269 23350 65376 18709 84171 4577 43271 9561 71190 97793 35275 48517 2856 97317 13521 95673 59564 50359 
25070 42143 34210 63584 15391 563 77334 73603 27212 14865 10721 90092 13006 27272 43154 33247 28848 63762 37468 36363 50507 91262 27972 44549 33323 60585 63073 49942 37678 590 
76512 47760 43303 64792 8855 2865 60074 49605 8563 79156 99576 678 35621 35553 31590 31187 40770 31266 26920 10774 50968 7873 29630 35179 64551 91247 70039 3996 24193 26487 
66262 12880 60988 25281 98756 51310 66402 55093 33497 76229 56199 1603 25159 63211 46464 9926 21097 89735 49847 76681 10901 79751 77998 14700 49199 57233 62092 13832 4502 69885 
22945 99136 83138 95901 37855 10625 76286 11194 46766 9737 6298 57075 94868 86767 71139 94787 53752 11844 50838 45855 13455 76724 62802 58534 94655 32797 79384 50918 70391 39743 
30852 51424 6070 83218 53858 22673 77029 83511 18708 29291 29526 16735 88275 79594 30407 46092 8972 35758 68301 91787 20416 75593 75495 94397 88978 50403 75991 14205 73779 35742 
21947 43599 86517 91320 44252 65696 4250 79050 36447 4471 22714 99945 54019 17425 94660 68219 38373 17376 85955 78814 1737 76452 58115 57037 32105 26340 73309 64259 87608 36518 
3370 70310 46525 31355 44813 96837 83962 41576 15771 12407 24711 54753 21075 60069 90829 51178 61077 75919 49920 63550 15127 96424 7974 84240 60169 19747 72634 73749 14957 87882 
55669 44190 97612 72308 1672 44885 36975 32634 96242 38223 